sample,bp,img_kmer_mapping,img_kmer_size,path,labels,is_valid
1739,100000000,varKode,7,datasets/varKodes/1739@00100000K+k7.png,family:Malpighiaceae;genus:Thryallis,False
S-57,2000000,varKode,7,datasets/varKodes/S-57@00002000K+k7.png,family:Malpighiaceae;genus:Stigmaphyllon;species:S_emarginatum,False
S-98,50000000,varKode,7,datasets/varKodes/S-98@00050000K+k7.png,family:Malpighiaceae;genus:Stigmaphyllon;species:S_bannisterioides,False
3129,2000000,varKode,7,datasets/varKodes/3129@00002000K+k7.png,family:Malpighiaceae;genus:Bunchosia,False
3447,10000000,varKode,7,datasets/varKodes/3447@00010000K+k7.png,family:Malpighiaceae;genus:Acmanthera,False
S-62,10000000,varKode,7,datasets/varKodes/S-62@00010000K+k7.png,family:Malpighiaceae;genus:Stigmaphyllon;species:S_puberum,False
C-127,1000000,varKode,7,datasets/varKodes/C-127@00001000K+k7.png,family:Chrysobalanaceae;genus:Parinari,False
1176,42281000,varKode,7,datasets/varKodes/1176@00042281K+k7.png,family:Malpighiaceae;genus:Triaspis,False
S-77,20000000,varKode,7,datasets/varKodes/S-77@00020000K+k7.png,family:Malpighiaceae;genus:Stigmaphyllon;species:S_lindenianum,False
S-57,1000000,varKode,7,datasets/varKodes/S-57@00001000K+k7.png,family:Malpighiaceae;genus:Stigmaphyllon;species:S_emarginatum,False
S-32,500000,varKode,7,datasets/varKodes/S-32@00000500K+k7.png,family:Malpighiaceae;genus:Stigmaphyllon;species:S_bonariense,False
S-96,500000,varKode,7,datasets/varKodes/S-96@00000500K+k7.png,family:Malpighiaceae;genus:Stigmaphyllon;species:S_bannisterioides,False
C-181,50000000,varKode,7,datasets/varKodes/C-181@00050000K+k7.png,family:Chrysobalanaceae;genus:Licania,False
C-393,20000000,varKode,7,datasets/varKodes/C-393@00020000K+k7.png,family:Chrysobalanaceae;genus:Gaulettia,False
2207,1000000,varKode,7,datasets/varKodes/2207@00001000K+k7.png,family:Malpighiaceae;genus:Galphimia,False
3231,100094000,varKode,7,datasets/varKodes/3231@00100094K+k7.png,family:Malpighiaceae;genus:Malpighia,False
C-251,5000000,varKode,7,datasets/varKodes/C-251@00005000K+k7.png,family:Chrysobalanaceae;genus:Hirtella,False
1928,2000000,varKode,7,datasets/varKodes/1928@00002000K+k7.png,family:Malpighiaceae;genus:Diacidia,False
3448,50000000,varKode,7,datasets/varKodes/3448@00050000K+k7.png,family:Malpighiaceae;genus:Acmanthera,False
S-25,20000000,varKode,7,datasets/varKodes/S-25@00020000K+k7.png,family:Malpighiaceae;genus:Stigmaphyllon;species:S_jatrophifolium,False
C-414,200000000,varKode,7,datasets/varKodes/C-414@00200000K+k7.png,family:Chrysobalanaceae;genus:Licania,False
C-64,500000,varKode,7,datasets/varKodes/C-64@00000500K+k7.png,family:Chrysobalanaceae;genus:Acioa,False
S-49,10000000,varKode,7,datasets/varKodes/S-49@00010000K+k7.png,family:Malpighiaceae;genus:Stigmaphyllon;species:S_ellipticum,False
710,61924000,varKode,7,datasets/varKodes/710@00061924K+k7.png,family:Malpighiaceae;genus:Blepharandra,False
760,1000000,varKode,7,datasets/varKodes/760@00001000K+k7.png,family:Malpighiaceae;genus:Hiptage,False
S-78,1000000,varKode,7,datasets/varKodes/S-78@00001000K+k7.png,family:Malpighiaceae;genus:Stigmaphyllon;species:S_lindenianum,False
S-85,1000000,varKode,7,datasets/varKodes/S-85@00001000K+k7.png,family:Malpighiaceae;genus:Stigmaphyllon;species:S_bogotense,False
S-42,20000000,varKode,7,datasets/varKodes/S-42@00020000K+k7.png,family:Malpighiaceae;genus:Stigmaphyllon;species:S_ellipticum,False
1928,500000,varKode,7,datasets/varKodes/1928@00000500K+k7.png,family:Malpighiaceae;genus:Diacidia,False
1165,2000000,varKode,7,datasets/varKodes/1165@00002000K+k7.png,family:Malpighiaceae;genus:Dicella,False
3444,2000000,varKode,7,datasets/varKodes/3444@00002000K+k7.png,family:Malpighiaceae;genus:Thryallis,False
2798,20000000,varKode,7,datasets/varKodes/2798@00020000K+k7.png,family:Malpighiaceae;genus:Blepharandra,False
S-11,20000000,varKode,7,datasets/varKodes/S-11@00020000K+k7.png,family:Malpighiaceae;genus:Stigmaphyllon;species:S_ciliatum,False
3353,2000000,varKode,7,datasets/varKodes/3353@00002000K+k7.png,family:Malpighiaceae;genus:Camarea,False
S-3,20000000,varKode,7,datasets/varKodes/S-3@00020000K+k7.png,family:Malpighiaceae;genus:Stigmaphyllon;species:S_paralias,False
2827,20000000,varKode,7,datasets/varKodes/2827@00020000K+k7.png,family:Malpighiaceae;genus:Bunchosia,False
2831,2000000,varKode,7,datasets/varKodes/2831@00002000K+k7.png,family:Malpighiaceae;genus:Bunchosia,False
1705,2000000,varKode,7,datasets/varKodes/1705@00002000K+k7.png,family:Malpighiaceae;genus:Dicella,False
654,1000000,varKode,7,datasets/varKodes/654@00001000K+k7.png,family:Malpighiaceae;genus:Acmanthera,False
170,50000000,varKode,7,datasets/varKodes/170@00050000K+k7.png,family:Malpighiaceae;genus:Acridocarpus,False
S-31,5000000,varKode,7,datasets/varKodes/S-31@00005000K+k7.png,family:Malpighiaceae;genus:Stigmaphyllon;species:S_bonariense,False
S-35,1000000,varKode,7,datasets/varKodes/S-35@00001000K+k7.png,family:Malpighiaceae;genus:Stigmaphyllon;species:S_bonariense,False
S-3,1000000,varKode,7,datasets/varKodes/S-3@00001000K+k7.png,family:Malpighiaceae;genus:Stigmaphyllon;species:S_paralias,False
S-38,500000,varKode,7,datasets/varKodes/S-38@00000500K+k7.png,family:Malpighiaceae;genus:Stigmaphyllon;species:S_bonariense,False
3345,20000000,varKode,7,datasets/varKodes/3345@00020000K+k7.png,family:Malpighiaceae;genus:Blepharandra,False
S-68,50000000,varKode,7,datasets/varKodes/S-68@00050000K+k7.png,family:Malpighiaceae;genus:Stigmaphyllon;species:S_puberum,False
845,50000000,varKode,7,datasets/varKodes/845@00050000K+k7.png,family:Malpighiaceae;genus:Heteropterys,False
S-83,1000000,varKode,7,datasets/varKodes/S-83@00001000K+k7.png,family:Malpighiaceae;genus:Stigmaphyllon;species:S_bogotense,False
1905,20000000,varKode,7,datasets/varKodes/1905@00020000K+k7.png,family:Malpighiaceae;genus:Diplopterys,False
S-61,5000000,varKode,7,datasets/varKodes/S-61@00005000K+k7.png,family:Malpighiaceae;genus:Stigmaphyllon;species:S_puberum,False
3679,2000000,varKode,7,datasets/varKodes/3679@00002000K+k7.png,family:Malpighiaceae;genus:Tristellateia,False
1240,500000,varKode,7,datasets/varKodes/1240@00000500K+k7.png,family:Malpighiaceae;genus:Diplopterys,False
1703,2000000,varKode,7,datasets/varKodes/1703@00002000K+k7.png,family:Malpighiaceae;genus:Callaeum,False
S-38,5000000,varKode,7,datasets/varKodes/S-38@00005000K+k7.png,family:Malpighiaceae;genus:Stigmaphyllon;species:S_bonariense,False
1774,2000000,varKode,7,datasets/varKodes/1774@00002000K+k7.png,family:Malpighiaceae;genus:Bunchosia,False
S-82,10000000,varKode,7,datasets/varKodes/S-82@00010000K+k7.png,family:Malpighiaceae;genus:Stigmaphyllon;species:S_bogotense,False
C-296,1000000,varKode,7,datasets/varKodes/C-296@00001000K+k7.png,family:Chrysobalanaceae;genus:Parinari,False
S-20,100000000,varKode,7,datasets/varKodes/S-20@00100000K+k7.png,family:Malpighiaceae;genus:Stigmaphyllon;species:S_ciliatum,False
3345,10000000,varKode,7,datasets/varKodes/3345@00010000K+k7.png,family:Malpighiaceae;genus:Blepharandra,False
S-41,5000000,varKode,7,datasets/varKodes/S-41@00005000K+k7.png,family:Malpighiaceae;genus:Stigmaphyllon;species:S_ellipticum,False
1915,10000000,varKode,7,datasets/varKodes/1915@00010000K+k7.png,family:Malpighiaceae;genus:Mascagnia,False
S-35,500000,varKode,7,datasets/varKodes/S-35@00000500K+k7.png,family:Malpighiaceae;genus:Stigmaphyllon;species:S_bonariense,False
176,500000,varKode,7,datasets/varKodes/176@00000500K+k7.png,family:Malpighiaceae;genus:Acridocarpus,False
3447,2000000,varKode,7,datasets/varKodes/3447@00002000K+k7.png,family:Malpighiaceae;genus:Acmanthera,False
3235,500000,varKode,7,datasets/varKodes/3235@00000500K+k7.png,family:Malpighiaceae;genus:Bunchosia,False
S-86,100000000,varKode,7,datasets/varKodes/S-86@00100000K+k7.png,family:Malpighiaceae;genus:Stigmaphyllon;species:S_bogotense,False
3594,1000000,varKode,7,datasets/varKodes/3594@00001000K+k7.png,family:Malpighiaceae;genus:Camarea,False
596,10000000,varKode,7,datasets/varKodes/596@00010000K+k7.png,family:Malpighiaceae;genus:Cottsia,False
3640,50000000,varKode,7,datasets/varKodes/3640@00050000K+k7.png,family:Malpighiaceae;genus:Malpighiodes,False
S-69,2000000,varKode,7,datasets/varKodes/S-69@00002000K+k7.png,family:Malpighiaceae;genus:Stigmaphyllon;species:S_puberum,False
3935,10000000,varKode,7,datasets/varKodes/3935@00010000K+k7.png,family:Malpighiaceae;genus:Bunchosia,False
S-47,10000000,varKode,7,datasets/varKodes/S-47@00010000K+k7.png,family:Malpighiaceae;genus:Stigmaphyllon;species:S_ellipticum,False
S-3,50000000,varKode,7,datasets/varKodes/S-3@00050000K+k7.png,family:Malpighiaceae;genus:Stigmaphyllon;species:S_paralias,False
S-80,20000000,varKode,7,datasets/varKodes/S-80@00020000K+k7.png,family:Malpighiaceae;genus:Stigmaphyllon;species:S_lindenianum,False
S-80,500000,varKode,7,datasets/varKodes/S-80@00000500K+k7.png,family:Malpighiaceae;genus:Stigmaphyllon;species:S_lindenianum,False
S-89,500000,varKode,7,datasets/varKodes/S-89@00000500K+k7.png,family:Malpighiaceae;genus:Stigmaphyllon;species:S_bogotense,False
2794,2000000,varKode,7,datasets/varKodes/2794@00002000K+k7.png,family:Malpighiaceae;genus:Byrsonima,False
1679,20000000,varKode,7,datasets/varKodes/1679@00020000K+k7.png,family:Malpighiaceae;genus:Callaeum,False
S-9,1000000,varKode,7,datasets/varKodes/S-9@00001000K+k7.png,family:Malpighiaceae;genus:Stigmaphyllon;species:S_paralias,False
3527,20000000,varKode,7,datasets/varKodes/3527@00020000K+k7.png,family:Malpighiaceae;genus:Banisteriopsis,False
S-47,200000000,varKode,7,datasets/varKodes/S-47@00200000K+k7.png,family:Malpighiaceae;genus:Stigmaphyllon;species:S_ellipticum,False
S-65,1000000,varKode,7,datasets/varKodes/S-65@00001000K+k7.png,family:Malpighiaceae;genus:Stigmaphyllon;species:S_puberum,False
C-393,2000000,varKode,7,datasets/varKodes/C-393@00002000K+k7.png,family:Chrysobalanaceae;genus:Gaulettia,False
S-40,20000000,varKode,7,datasets/varKodes/S-40@00020000K+k7.png,family:Malpighiaceae;genus:Stigmaphyllon;species:S_bonariense,False
S-62,2000000,varKode,7,datasets/varKodes/S-62@00002000K+k7.png,family:Malpighiaceae;genus:Stigmaphyllon;species:S_puberum,False
1705,100000000,varKode,7,datasets/varKodes/1705@00100000K+k7.png,family:Malpighiaceae;genus:Dicella,False
3518,1000000,varKode,7,datasets/varKodes/3518@00001000K+k7.png,family:Malpighiaceae;genus:Amorimia,False
S-89,100000000,varKode,7,datasets/varKodes/S-89@00100000K+k7.png,family:Malpighiaceae;genus:Stigmaphyllon;species:S_bogotense,False
3595,2000000,varKode,7,datasets/varKodes/3595@00002000K+k7.png,family:Malpighiaceae;genus:Christianella,False
3384,10000000,varKode,7,datasets/varKodes/3384@00010000K+k7.png,family:Malpighiaceae;genus:Malpighia,False
S-26,10000000,varKode,7,datasets/varKodes/S-26@00010000K+k7.png,family:Malpighiaceae;genus:Stigmaphyllon;species:S_jatrophifolium,False
S-93,500000,varKode,7,datasets/varKodes/S-93@00000500K+k7.png,family:Malpighiaceae;genus:Stigmaphyllon;species:S_bannisterioides,False
1285,500000,varKode,7,datasets/varKodes/1285@00000500K+k7.png,family:Malpighiaceae;genus:Aspidopterys,False
1089,2000000,varKode,7,datasets/varKodes/1089@00002000K+k7.png,family:Malpighiaceae;genus:Triaspis,False
4004,161525000,varKode,7,datasets/varKodes/4004@00161525K+k7.png,family:Malpighiaceae;genus:Triaspis,False
3519,5000000,varKode,7,datasets/varKodes/3519@00005000K+k7.png,family:Malpighiaceae;genus:Aspidopterys,False
S-2,20000000,varKode,7,datasets/varKodes/S-2@00020000K+k7.png,family:Malpighiaceae;genus:Stigmaphyllon;species:S_paralias,False
S-5,20000000,varKode,7,datasets/varKodes/S-5@00020000K+k7.png,family:Malpighiaceae;genus:Stigmaphyllon;species:S_paralias,False
3340,5000000,varKode,7,datasets/varKodes/3340@00005000K+k7.png,family:Malpighiaceae;genus:Aspidopterys,False
2907,10000000,varKode,7,datasets/varKodes/2907@00010000K+k7.png,family:Elatinaceae;genus:Elatine,False
S-55,2000000,varKode,7,datasets/varKodes/S-55@00002000K+k7.png,family:Malpighiaceae;genus:Stigmaphyllon;species:S_emarginatum,False
1525,100000000,varKode,7,datasets/varKodes/1525@00100000K+k7.png,family:Malpighiaceae;genus:Christianella,False
C-296,100000000,varKode,7,datasets/varKodes/C-296@00100000K+k7.png,family:Chrysobalanaceae;genus:Parinari,False
3349,2000000,varKode,7,datasets/varKodes/3349@00002000K+k7.png,family:Malpighiaceae;genus:Burdachia,False
1702,5000000,varKode,7,datasets/varKodes/1702@00005000K+k7.png,family:Malpighiaceae;genus:Callaeum,False
3423,10000000,varKode,7,datasets/varKodes/3423@00010000K+k7.png,family:Malpighiaceae;genus:Tetrapterys,False
1543,5000000,varKode,7,datasets/varKodes/1543@00005000K+k7.png,family:Malpighiaceae;genus:Carolus,False
S-94,20000000,varKode,7,datasets/varKodes/S-94@00020000K+k7.png,family:Malpighiaceae;genus:Stigmaphyllon;species:S_bannisterioides,False
S-29,200000000,varKode,7,datasets/varKodes/S-29@00200000K+k7.png,family:Malpighiaceae;genus:Stigmaphyllon;species:S_jatrophifolium,False
S-20,1000000,varKode,7,datasets/varKodes/S-20@00001000K+k7.png,family:Malpighiaceae;genus:Stigmaphyllon;species:S_ciliatum,False
S-83,2000000,varKode,7,datasets/varKodes/S-83@00002000K+k7.png,family:Malpighiaceae;genus:Stigmaphyllon;species:S_bogotense,False
3301,500000,varKode,7,datasets/varKodes/3301@00000500K+k7.png,family:Malpighiaceae;genus:Heteropterys,False
1874,500000,varKode,7,datasets/varKodes/1874@00000500K+k7.png,family:Malpighiaceae;genus:Banisteriopsis,False
S-60,1000000,varKode,7,datasets/varKodes/S-60@00001000K+k7.png,family:Malpighiaceae;genus:Stigmaphyllon;species:S_emarginatum,False
1679,1000000,varKode,7,datasets/varKodes/1679@00001000K+k7.png,family:Malpighiaceae;genus:Callaeum,False
1386,78466000,varKode,7,datasets/varKodes/1386@00078466K+k7.png,family:Malpighiaceae;genus:Microsteira,False
2168,166672000,varKode,7,datasets/varKodes/2168@00166672K+k7.png,family:Malpighiaceae;genus:Bunchosia,False
3955,50000000,varKode,7,datasets/varKodes/3955@00050000K+k7.png,family:Malpighiaceae;genus:Byrsonima,False
3444,1000000,varKode,7,datasets/varKodes/3444@00001000K+k7.png,family:Malpighiaceae;genus:Thryallis,False
1653,500000,varKode,7,datasets/varKodes/1653@00000500K+k7.png,family:Malpighiaceae;genus:Galphimia,False
S-86,5000000,varKode,7,datasets/varKodes/S-86@00005000K+k7.png,family:Malpighiaceae;genus:Stigmaphyllon;species:S_bogotense,False
C-387,50000000,varKode,7,datasets/varKodes/C-387@00050000K+k7.png,family:Chrysobalanaceae;genus:Dactyladenia,False
S-21,500000,varKode,7,datasets/varKodes/S-21@00000500K+k7.png,family:Malpighiaceae;genus:Stigmaphyllon;species:S_jatrophifolium,False
S-7,50000000,varKode,7,datasets/varKodes/S-7@00050000K+k7.png,family:Malpighiaceae;genus:Stigmaphyllon;species:S_paralias,False
C-296,200000000,varKode,7,datasets/varKodes/C-296@00200000K+k7.png,family:Chrysobalanaceae;genus:Parinari,False
3970,20000000,varKode,7,datasets/varKodes/3970@00020000K+k7.png,family:Malpighiaceae;genus:Dicella,False
3235,5000000,varKode,7,datasets/varKodes/3235@00005000K+k7.png,family:Malpighiaceae;genus:Bunchosia,False
3518,10000000,varKode,7,datasets/varKodes/3518@00010000K+k7.png,family:Malpighiaceae;genus:Amorimia,False
S-7,20000000,varKode,7,datasets/varKodes/S-7@00020000K+k7.png,family:Malpighiaceae;genus:Stigmaphyllon;species:S_paralias,False
S-7,10000000,varKode,7,datasets/varKodes/S-7@00010000K+k7.png,family:Malpighiaceae;genus:Stigmaphyllon;species:S_paralias,False
2906,500000,varKode,7,datasets/varKodes/2906@00000500K+k7.png,family:Elatinaceae;genus:Elatine,False
3935,50000000,varKode,7,datasets/varKodes/3935@00050000K+k7.png,family:Malpighiaceae;genus:Bunchosia,False
S-53,20000000,varKode,7,datasets/varKodes/S-53@00020000K+k7.png,family:Malpighiaceae;genus:Stigmaphyllon;species:S_emarginatum,False
S-44,50000000,varKode,7,datasets/varKodes/S-44@00050000K+k7.png,family:Malpighiaceae;genus:Stigmaphyllon;species:S_ellipticum,False
2909,1000000,varKode,7,datasets/varKodes/2909@00001000K+k7.png,family:Elatinaceae;genus:Elatine,False
3419,2000000,varKode,7,datasets/varKodes/3419@00002000K+k7.png,family:Malpighiaceae;genus:Tetrapterys,False
C-129,20000000,varKode,7,datasets/varKodes/C-129@00020000K+k7.png,family:Chrysobalanaceae;genus:Parinari,False
S-76,200000000,varKode,7,datasets/varKodes/S-76@00200000K+k7.png,family:Malpighiaceae;genus:Stigmaphyllon;species:S_lindenianum,False
S-29,100000000,varKode,7,datasets/varKodes/S-29@00100000K+k7.png,family:Malpighiaceae;genus:Stigmaphyllon;species:S_jatrophifolium,False
S-14,5000000,varKode,7,datasets/varKodes/S-14@00005000K+k7.png,family:Malpighiaceae;genus:Stigmaphyllon;species:S_ciliatum,False
2906,20000000,varKode,7,datasets/varKodes/2906@00020000K+k7.png,family:Elatinaceae;genus:Elatine,False
2650,50000000,varKode,7,datasets/varKodes/2650@00050000K+k7.png,family:Malpighiaceae;genus:Acridocarpus,False
3230,500000,varKode,7,datasets/varKodes/3230@00000500K+k7.png,family:Malpighiaceae;genus:Malpighia,False
3545,50000000,varKode,7,datasets/varKodes/3545@00050000K+k7.png,family:Malpighiaceae;genus:Burdachia,False
1538,2000000,varKode,7,datasets/varKodes/1538@00002000K+k7.png,family:Malpighiaceae;genus:Carolus,False
S-91,500000,varKode,7,datasets/varKodes/S-91@00000500K+k7.png,family:Malpighiaceae;genus:Stigmaphyllon;species:S_bannisterioides,False
S-54,10000000,varKode,7,datasets/varKodes/S-54@00010000K+k7.png,family:Malpighiaceae;genus:Stigmaphyllon;species:S_emarginatum,False
S-74,1000000,varKode,7,datasets/varKodes/S-74@00001000K+k7.png,family:Malpighiaceae;genus:Stigmaphyllon;species:S_lindenianum,False
1502,500000,varKode,7,datasets/varKodes/1502@00000500K+k7.png,family:Malpighiaceae;genus:Tristellateia,False
1162,1000000,varKode,7,datasets/varKodes/1162@00001000K+k7.png,family:Malpighiaceae;genus:Camarea,False
3970,10000000,varKode,7,datasets/varKodes/3970@00010000K+k7.png,family:Malpighiaceae;genus:Dicella,False
S-72,2000000,varKode,7,datasets/varKodes/S-72@00002000K+k7.png,family:Malpighiaceae;genus:Stigmaphyllon;species:S_lindenianum,False
2311,1000000,varKode,7,datasets/varKodes/2311@00001000K+k7.png,family:Elatinaceae;genus:Elatine,False
1314,46795000,varKode,7,datasets/varKodes/1314@00046795K+k7.png,family:Malpighiaceae;genus:Hiptage,False
3220,5000000,varKode,7,datasets/varKodes/3220@00005000K+k7.png,family:Malpighiaceae;genus:Heteropterys,False
533,2000000,varKode,7,datasets/varKodes/533@00002000K+k7.png,family:Malpighiaceae;genus:Heteropterys,False
3340,20000000,varKode,7,datasets/varKodes/3340@00020000K+k7.png,family:Malpighiaceae;genus:Aspidopterys,False
1705,20000000,varKode,7,datasets/varKodes/1705@00020000K+k7.png,family:Malpighiaceae;genus:Dicella,False
777,10000000,varKode,7,datasets/varKodes/777@00010000K+k7.png,family:Malpighiaceae;genus:Christianella,False
2693,500000,varKode,7,datasets/varKodes/2693@00000500K+k7.png,family:Malpighiaceae;genus:Byrsonima,False
S-18,5000000,varKode,7,datasets/varKodes/S-18@00005000K+k7.png,family:Malpighiaceae;genus:Stigmaphyllon;species:S_ciliatum,False
C-393,180914000,varKode,7,datasets/varKodes/C-393@00180914K+k7.png,family:Chrysobalanaceae;genus:Gaulettia,False
S-51,200000000,varKode,7,datasets/varKodes/S-51@00200000K+k7.png,family:Malpighiaceae;genus:Stigmaphyllon;species:S_emarginatum,False
S-43,20000000,varKode,7,datasets/varKodes/S-43@00020000K+k7.png,family:Malpighiaceae;genus:Stigmaphyllon;species:S_ellipticum,False
C-64,1000000,varKode,7,datasets/varKodes/C-64@00001000K+k7.png,family:Chrysobalanaceae;genus:Acioa,False
69,20000000,varKode,7,datasets/varKodes/69@00020000K+k7.png,family:Malpighiaceae;genus:Acridocarpus,False
1939,10000000,varKode,7,datasets/varKodes/1939@00010000K+k7.png,family:Malpighiaceae;genus:Diplopterys,False
S-32,20000000,varKode,7,datasets/varKodes/S-32@00020000K+k7.png,family:Malpighiaceae;genus:Stigmaphyllon;species:S_bonariense,False
C-239,500000,varKode,7,datasets/varKodes/C-239@00000500K+k7.png,family:Chrysobalanaceae;genus:Dactyladenia,False
3423,2000000,varKode,7,datasets/varKodes/3423@00002000K+k7.png,family:Malpighiaceae;genus:Tetrapterys,False
S-81,50000000,varKode,7,datasets/varKodes/S-81@00050000K+k7.png,family:Malpighiaceae;genus:Stigmaphyllon;species:S_bogotense,False
679,50000000,varKode,7,datasets/varKodes/679@00050000K+k7.png,family:Malpighiaceae;genus:Bunchosia,False
3606,10000000,varKode,7,datasets/varKodes/3606@00010000K+k7.png,family:Malpighiaceae;genus:Diplopterys,False
3235,46109000,varKode,7,datasets/varKodes/3235@00046109K+k7.png,family:Malpighiaceae;genus:Bunchosia,False
C-303,1000000,varKode,7,datasets/varKodes/C-303@00001000K+k7.png,family:Chrysobalanaceae;genus:Licania,False
3606,1000000,varKode,7,datasets/varKodes/3606@00001000K+k7.png,family:Malpighiaceae;genus:Diplopterys,False
3129,100000000,varKode,7,datasets/varKodes/3129@00100000K+k7.png,family:Malpighiaceae;genus:Bunchosia,False
3342,5000000,varKode,7,datasets/varKodes/3342@00005000K+k7.png,family:Malpighiaceae;genus:Aspidopterys,False
S-5,50000000,varKode,7,datasets/varKodes/S-5@00050000K+k7.png,family:Malpighiaceae;genus:Stigmaphyllon;species:S_paralias,False
3384,50000000,varKode,7,datasets/varKodes/3384@00050000K+k7.png,family:Malpighiaceae;genus:Malpighia,False
C-303,100000000,varKode,7,datasets/varKodes/C-303@00100000K+k7.png,family:Chrysobalanaceae;genus:Licania,False
S-87,50000000,varKode,7,datasets/varKodes/S-87@00050000K+k7.png,family:Malpighiaceae;genus:Stigmaphyllon;species:S_bogotense,False
S-100,100000000,varKode,7,datasets/varKodes/S-100@00100000K+k7.png,family:Malpighiaceae;genus:Stigmaphyllon;species:S_bannisterioides,False
S-82,100000000,varKode,7,datasets/varKodes/S-82@00100000K+k7.png,family:Malpighiaceae;genus:Stigmaphyllon;species:S_bogotense,False
S-70,500000,varKode,7,datasets/varKodes/S-70@00000500K+k7.png,family:Malpighiaceae;genus:Stigmaphyllon;species:S_puberum,False
655,1000000,varKode,7,datasets/varKodes/655@00001000K+k7.png,family:Malpighiaceae;genus:Burdachia,False
S-60,200000000,varKode,7,datasets/varKodes/S-60@00200000K+k7.png,family:Malpighiaceae;genus:Stigmaphyllon;species:S_emarginatum,False
S-19,1000000,varKode,7,datasets/varKodes/S-19@00001000K+k7.png,family:Malpighiaceae;genus:Stigmaphyllon;species:S_ciliatum,False
533,100000000,varKode,7,datasets/varKodes/533@00100000K+k7.png,family:Malpighiaceae;genus:Heteropterys,False
C-251,50000000,varKode,7,datasets/varKodes/C-251@00050000K+k7.png,family:Chrysobalanaceae;genus:Hirtella,False
3231,5000000,varKode,7,datasets/varKodes/3231@00005000K+k7.png,family:Malpighiaceae;genus:Malpighia,False
S-81,1000000,varKode,7,datasets/varKodes/S-81@00001000K+k7.png,family:Malpighiaceae;genus:Stigmaphyllon;species:S_bogotense,False
S-63,10000000,varKode,7,datasets/varKodes/S-63@00010000K+k7.png,family:Malpighiaceae;genus:Stigmaphyllon;species:S_puberum,False
S-51,100000000,varKode,7,datasets/varKodes/S-51@00100000K+k7.png,family:Malpighiaceae;genus:Stigmaphyllon;species:S_emarginatum,False
S-77,100000000,varKode,7,datasets/varKodes/S-77@00100000K+k7.png,family:Malpighiaceae;genus:Stigmaphyllon;species:S_lindenianum,False
S-17,10000000,varKode,7,datasets/varKodes/S-17@00010000K+k7.png,family:Malpighiaceae;genus:Stigmaphyllon;species:S_ciliatum,False
2207,20000000,varKode,7,datasets/varKodes/2207@00020000K+k7.png,family:Malpighiaceae;genus:Galphimia,False
845,5000000,varKode,7,datasets/varKodes/845@00005000K+k7.png,family:Malpighiaceae;genus:Heteropterys,False
S-90,10000000,varKode,7,datasets/varKodes/S-90@00010000K+k7.png,family:Malpighiaceae;genus:Stigmaphyllon;species:S_bogotense,False
2827,1000000,varKode,7,datasets/varKodes/2827@00001000K+k7.png,family:Malpighiaceae;genus:Bunchosia,False
3419,10000000,varKode,7,datasets/varKodes/3419@00010000K+k7.png,family:Malpighiaceae;genus:Tetrapterys,False
1740,20000000,varKode,7,datasets/varKodes/1740@00020000K+k7.png,family:Malpighiaceae;genus:Thryallis,False
3301,50000000,varKode,7,datasets/varKodes/3301@00050000K+k7.png,family:Malpighiaceae;genus:Heteropterys,False
S-39,200000000,varKode,7,datasets/varKodes/S-39@00200000K+k7.png,family:Malpighiaceae;genus:Stigmaphyllon;species:S_bonariense,False
S-91,100000000,varKode,7,datasets/varKodes/S-91@00100000K+k7.png,family:Malpighiaceae;genus:Stigmaphyllon;species:S_bannisterioides,False
4004,10000000,varKode,7,datasets/varKodes/4004@00010000K+k7.png,family:Malpighiaceae;genus:Triaspis,False
1661,5000000,varKode,7,datasets/varKodes/1661@00005000K+k7.png,family:Malpighiaceae;genus:Microsteira,False
1850,35723000,varKode,7,datasets/varKodes/1850@00035723K+k7.png,family:Malpighiaceae;genus:Banisteriopsis,False
S-33,100000000,varKode,7,datasets/varKodes/S-33@00100000K+k7.png,family:Malpighiaceae;genus:Stigmaphyllon;species:S_bonariense,False
S-27,5000000,varKode,7,datasets/varKodes/S-27@00005000K+k7.png,family:Malpighiaceae;genus:Stigmaphyllon;species:S_jatrophifolium,False
3679,20000000,varKode,7,datasets/varKodes/3679@00020000K+k7.png,family:Malpighiaceae;genus:Tristellateia,False
1324,50000000,varKode,7,datasets/varKodes/1324@00050000K+k7.png,family:Malpighiaceae;genus:Microsteira,False
3234,2000000,varKode,7,datasets/varKodes/3234@00002000K+k7.png,family:Malpighiaceae;genus:Malpighia,False
C-500,100000000,varKode,7,datasets/varKodes/C-500@00100000K+k7.png,family:Chrysobalanaceae;genus:Dactyladenia,False
3230,124600000,varKode,7,datasets/varKodes/3230@00124600K+k7.png,family:Malpighiaceae;genus:Malpighia,False
S-65,20000000,varKode,7,datasets/varKodes/S-65@00020000K+k7.png,family:Malpighiaceae;genus:Stigmaphyllon;species:S_puberum,False
S-31,100000000,varKode,7,datasets/varKodes/S-31@00100000K+k7.png,family:Malpighiaceae;genus:Stigmaphyllon;species:S_bonariense,False
S-82,20000000,varKode,7,datasets/varKodes/S-82@00020000K+k7.png,family:Malpighiaceae;genus:Stigmaphyllon;species:S_bogotense,False
1540,10000000,varKode,7,datasets/varKodes/1540@00010000K+k7.png,family:Malpighiaceae;genus:Carolus,False
3129,10000000,varKode,7,datasets/varKodes/3129@00010000K+k7.png,family:Malpighiaceae;genus:Bunchosia,False
1102,50000000,varKode,7,datasets/varKodes/1102@00050000K+k7.png,family:Malpighiaceae;genus:Acridocarpus,False
3594,5000000,varKode,7,datasets/varKodes/3594@00005000K+k7.png,family:Malpighiaceae;genus:Camarea,False
C-127,5000000,varKode,7,datasets/varKodes/C-127@00005000K+k7.png,family:Chrysobalanaceae;genus:Parinari,False
3966,50000000,varKode,7,datasets/varKodes/3966@00050000K+k7.png,family:Malpighiaceae;genus:Diacidia,False
1182,5000000,varKode,7,datasets/varKodes/1182@00005000K+k7.png,family:Malpighiaceae;genus:Tristellateia,False
1740,5000000,varKode,7,datasets/varKodes/1740@00005000K+k7.png,family:Malpighiaceae;genus:Thryallis,False
S-33,1000000,varKode,7,datasets/varKodes/S-33@00001000K+k7.png,family:Malpighiaceae;genus:Stigmaphyllon;species:S_bonariense,False
679,500000,varKode,7,datasets/varKodes/679@00000500K+k7.png,family:Malpighiaceae;genus:Bunchosia,False
S-42,5000000,varKode,7,datasets/varKodes/S-42@00005000K+k7.png,family:Malpighiaceae;genus:Stigmaphyllon;species:S_ellipticum,False
S-20,20000000,varKode,7,datasets/varKodes/S-20@00020000K+k7.png,family:Malpighiaceae;genus:Stigmaphyllon;species:S_ciliatum,False
C-17,50000000,varKode,7,datasets/varKodes/C-17@00050000K+k7.png,family:Chrysobalanaceae;genus:Couepia,False
1525,20000000,varKode,7,datasets/varKodes/1525@00020000K+k7.png,family:Malpighiaceae;genus:Christianella,False
1531,20000000,varKode,7,datasets/varKodes/1531@00020000K+k7.png,family:Malpighiaceae;genus:Amorimia,False
C-280,500000,varKode,7,datasets/varKodes/C-280@00000500K+k7.png,family:Chrysobalanaceae;genus:Couepia,False
747,1000000,varKode,7,datasets/varKodes/747@00001000K+k7.png,family:Malpighiaceae;genus:Camarea,False
3220,20000000,varKode,7,datasets/varKodes/3220@00020000K+k7.png,family:Malpighiaceae;genus:Heteropterys,False
3341,20000000,varKode,7,datasets/varKodes/3341@00020000K+k7.png,family:Malpighiaceae;genus:Aspidopterys,False
3419,100000000,varKode,7,datasets/varKodes/3419@00100000K+k7.png,family:Malpighiaceae;genus:Tetrapterys,False
168,500000,varKode,7,datasets/varKodes/168@00000500K+k7.png,family:Malpighiaceae;genus:Acridocarpus,False
3966,5000000,varKode,7,datasets/varKodes/3966@00005000K+k7.png,family:Malpighiaceae;genus:Diacidia,False
C-129,10000000,varKode,7,datasets/varKodes/C-129@00010000K+k7.png,family:Chrysobalanaceae;genus:Parinari,False
3955,167990000,varKode,7,datasets/varKodes/3955@00167990K+k7.png,family:Malpighiaceae;genus:Byrsonima,False
S-71,5000000,varKode,7,datasets/varKodes/S-71@00005000K+k7.png,family:Malpighiaceae;genus:Stigmaphyllon;species:S_lindenianum,False
2909,20000000,varKode,7,datasets/varKodes/2909@00020000K+k7.png,family:Elatinaceae;genus:Elatine,False
S-76,500000,varKode,7,datasets/varKodes/S-76@00000500K+k7.png,family:Malpighiaceae;genus:Stigmaphyllon;species:S_lindenianum,False
2831,1000000,varKode,7,datasets/varKodes/2831@00001000K+k7.png,family:Malpighiaceae;genus:Bunchosia,False
1717,1000000,varKode,7,datasets/varKodes/1717@00001000K+k7.png,family:Malpighiaceae;genus:Galphimia,False
2907,1000000,varKode,7,datasets/varKodes/2907@00001000K+k7.png,family:Elatinaceae;genus:Elatine,False
S-45,5000000,varKode,7,datasets/varKodes/S-45@00005000K+k7.png,family:Malpighiaceae;genus:Stigmaphyllon;species:S_ellipticum,False
C-129,100000000,varKode,7,datasets/varKodes/C-129@00100000K+k7.png,family:Chrysobalanaceae;genus:Parinari,False
2311,10000000,varKode,7,datasets/varKodes/2311@00010000K+k7.png,family:Elatinaceae;genus:Elatine,False
2168,2000000,varKode,7,datasets/varKodes/2168@00002000K+k7.png,family:Malpighiaceae;genus:Bunchosia,False
S-71,2000000,varKode,7,datasets/varKodes/S-71@00002000K+k7.png,family:Malpighiaceae;genus:Stigmaphyllon;species:S_lindenianum,False
168,5000000,varKode,7,datasets/varKodes/168@00005000K+k7.png,family:Malpighiaceae;genus:Acridocarpus,False
777,5000000,varKode,7,datasets/varKodes/777@00005000K+k7.png,family:Malpighiaceae;genus:Christianella,False
1525,500000,varKode,7,datasets/varKodes/1525@00000500K+k7.png,family:Malpighiaceae;genus:Christianella,False
S-61,1000000,varKode,7,datasets/varKodes/S-61@00001000K+k7.png,family:Malpighiaceae;genus:Stigmaphyllon;species:S_puberum,False
3122,5000000,varKode,7,datasets/varKodes/3122@00005000K+k7.png,family:Malpighiaceae;genus:Triaspis,False
S-37,20000000,varKode,7,datasets/varKodes/S-37@00020000K+k7.png,family:Malpighiaceae;genus:Stigmaphyllon;species:S_bonariense,False
3129,500000,varKode,7,datasets/varKodes/3129@00000500K+k7.png,family:Malpighiaceae;genus:Bunchosia,False
S-55,500000,varKode,7,datasets/varKodes/S-55@00000500K+k7.png,family:Malpighiaceae;genus:Stigmaphyllon;species:S_emarginatum,False
S-53,2000000,varKode,7,datasets/varKodes/S-53@00002000K+k7.png,family:Malpighiaceae;genus:Stigmaphyllon;species:S_emarginatum,False
845,100000000,varKode,7,datasets/varKodes/845@00100000K+k7.png,family:Malpighiaceae;genus:Heteropterys,False
3676,500000,varKode,7,datasets/varKodes/3676@00000500K+k7.png,family:Malpighiaceae;genus:Tetrapterys,False
1165,100000000,varKode,7,datasets/varKodes/1165@00100000K+k7.png,family:Malpighiaceae;genus:Dicella,False
S-36,10000000,varKode,7,datasets/varKodes/S-36@00010000K+k7.png,family:Malpighiaceae;genus:Stigmaphyllon;species:S_bonariense,False
C-365,5000000,varKode,7,datasets/varKodes/C-365@00005000K+k7.png,family:Chrysobalanaceae;genus:Gaulettia,False
1739,500000,varKode,7,datasets/varKodes/1739@00000500K+k7.png,family:Malpighiaceae;genus:Thryallis,False
170,2000000,varKode,7,datasets/varKodes/170@00002000K+k7.png,family:Malpighiaceae;genus:Acridocarpus,False
3729,156522000,varKode,7,datasets/varKodes/3729@00156522K+k7.png,family:Malpighiaceae;genus:Thryallis,False
1543,10000000,varKode,7,datasets/varKodes/1543@00010000K+k7.png,family:Malpighiaceae;genus:Carolus,False
270,50000000,varKode,7,datasets/varKodes/270@00050000K+k7.png,family:Malpighiaceae;genus:Microsteira,False
S-41,100000000,varKode,7,datasets/varKodes/S-41@00100000K+k7.png,family:Malpighiaceae;genus:Stigmaphyllon;species:S_ellipticum,False
S-1,5000000,varKode,7,datasets/varKodes/S-1@00005000K+k7.png,family:Malpighiaceae;genus:Stigmaphyllon;species:S_paralias,False
S-97,50000000,varKode,7,datasets/varKodes/S-97@00050000K+k7.png,family:Malpighiaceae;genus:Stigmaphyllon;species:S_bannisterioides,False
1740,50000000,varKode,7,datasets/varKodes/1740@00050000K+k7.png,family:Malpighiaceae;genus:Thryallis,False
C-313,200000000,varKode,7,datasets/varKodes/C-313@00200000K+k7.png,family:Chrysobalanaceae;genus:Couepia,False
3231,100000000,varKode,7,datasets/varKodes/3231@00100000K+k7.png,family:Malpighiaceae;genus:Malpighia,False
760,2000000,varKode,7,datasets/varKodes/760@00002000K+k7.png,family:Malpighiaceae;genus:Hiptage,False
C-342,500000,varKode,7,datasets/varKodes/C-342@00000500K+k7.png,family:Chrysobalanaceae;genus:Exellodendron,False
C-129,500000,varKode,7,datasets/varKodes/C-129@00000500K+k7.png,family:Chrysobalanaceae;genus:Parinari,False
S-27,10000000,varKode,7,datasets/varKodes/S-27@00010000K+k7.png,family:Malpighiaceae;genus:Stigmaphyllon;species:S_jatrophifolium,False
679,139093000,varKode,7,datasets/varKodes/679@00139093K+k7.png,family:Malpighiaceae;genus:Bunchosia,False
3536,500000,varKode,7,datasets/varKodes/3536@00000500K+k7.png,family:Malpighiaceae;genus:Banisteriopsis,False
3606,200000000,varKode,7,datasets/varKodes/3606@00200000K+k7.png,family:Malpighiaceae;genus:Diplopterys,False
S-87,5000000,varKode,7,datasets/varKodes/S-87@00005000K+k7.png,family:Malpighiaceae;genus:Stigmaphyllon;species:S_bogotense,False
1661,2000000,varKode,7,datasets/varKodes/1661@00002000K+k7.png,family:Malpighiaceae;genus:Microsteira,False
3955,500000,varKode,7,datasets/varKodes/3955@00000500K+k7.png,family:Malpighiaceae;genus:Byrsonima,False
C-21,50000000,varKode,7,datasets/varKodes/C-21@00050000K+k7.png,family:Chrysobalanaceae;genus:Exellodendron,False
S-39,500000,varKode,7,datasets/varKodes/S-39@00000500K+k7.png,family:Malpighiaceae;genus:Stigmaphyllon;species:S_bonariense,False
S-35,50000000,varKode,7,datasets/varKodes/S-35@00050000K+k7.png,family:Malpighiaceae;genus:Stigmaphyllon;species:S_bonariense,False
3600,10000000,varKode,7,datasets/varKodes/3600@00010000K+k7.png,family:Malpighiaceae;genus:Dicella,False
1845,20000000,varKode,7,datasets/varKodes/1845@00020000K+k7.png,family:Malpighiaceae;genus:Bronwenia,False
S-37,10000000,varKode,7,datasets/varKodes/S-37@00010000K+k7.png,family:Malpighiaceae;genus:Stigmaphyllon;species:S_bonariense,False
3419,20000000,varKode,7,datasets/varKodes/3419@00020000K+k7.png,family:Malpighiaceae;genus:Tetrapterys,False
777,1000000,varKode,7,datasets/varKodes/777@00001000K+k7.png,family:Malpighiaceae;genus:Christianella,False
S-90,20000000,varKode,7,datasets/varKodes/S-90@00020000K+k7.png,family:Malpighiaceae;genus:Stigmaphyllon;species:S_bogotense,False
S-83,20000000,varKode,7,datasets/varKodes/S-83@00020000K+k7.png,family:Malpighiaceae;genus:Stigmaphyllon;species:S_bogotense,False
3230,20000000,varKode,7,datasets/varKodes/3230@00020000K+k7.png,family:Malpighiaceae;genus:Malpighia,False
3980,5000000,varKode,7,datasets/varKodes/3980@00005000K+k7.png,family:Malpighiaceae;genus:Heteropterys,False
1845,48723000,varKode,7,datasets/varKodes/1845@00048723K+k7.png,family:Malpighiaceae;genus:Bronwenia,False
3423,87677000,varKode,7,datasets/varKodes/3423@00087677K+k7.png,family:Malpighiaceae;genus:Tetrapterys,False
S-92,2000000,varKode,7,datasets/varKodes/S-92@00002000K+k7.png,family:Malpighiaceae;genus:Stigmaphyllon;species:S_bannisterioides,False
S-30,1000000,varKode,7,datasets/varKodes/S-30@00001000K+k7.png,family:Malpighiaceae;genus:Stigmaphyllon;species:S_jatrophifolium,False
845,131996000,varKode,7,datasets/varKodes/845@00131996K+k7.png,family:Malpighiaceae;genus:Heteropterys,False
C-86,1000000,varKode,7,datasets/varKodes/C-86@00001000K+k7.png,family:Chrysobalanaceae;genus:Couepia,False
C-69,100000000,varKode,7,datasets/varKodes/C-69@00100000K+k7.png,family:Chrysobalanaceae;genus:Couepia,False
S-8,2000000,varKode,7,datasets/varKodes/S-8@00002000K+k7.png,family:Malpighiaceae;genus:Stigmaphyllon;species:S_paralias,False
S-77,5000000,varKode,7,datasets/varKodes/S-77@00005000K+k7.png,family:Malpighiaceae;genus:Stigmaphyllon;species:S_lindenianum,False
3234,500000,varKode,7,datasets/varKodes/3234@00000500K+k7.png,family:Malpighiaceae;genus:Malpighia,False
S-43,2000000,varKode,7,datasets/varKodes/S-43@00002000K+k7.png,family:Malpighiaceae;genus:Stigmaphyllon;species:S_ellipticum,False
1936,5000000,varKode,7,datasets/varKodes/1936@00005000K+k7.png,family:Malpighiaceae;genus:Mascagnia,False
C-86,500000,varKode,7,datasets/varKodes/C-86@00000500K+k7.png,family:Chrysobalanaceae;genus:Couepia,False
3384,2000000,varKode,7,datasets/varKodes/3384@00002000K+k7.png,family:Malpighiaceae;genus:Malpighia,False
C-271,50000000,varKode,7,datasets/varKodes/C-271@00050000K+k7.png,family:Chrysobalanaceae;genus:Gaulettia,False
S-85,50000000,varKode,7,datasets/varKodes/S-85@00050000K+k7.png,family:Malpighiaceae;genus:Stigmaphyllon;species:S_bogotense,False
S-44,500000,varKode,7,datasets/varKodes/S-44@00000500K+k7.png,family:Malpighiaceae;genus:Stigmaphyllon;species:S_ellipticum,False
1739,10000000,varKode,7,datasets/varKodes/1739@00010000K+k7.png,family:Malpighiaceae;genus:Thryallis,False
C-136,2000000,varKode,7,datasets/varKodes/C-136@00002000K+k7.png,family:Chrysobalanaceae;genus:Exellodendron,False
S-46,2000000,varKode,7,datasets/varKodes/S-46@00002000K+k7.png,family:Malpighiaceae;genus:Stigmaphyllon;species:S_ellipticum,False
706,2000000,varKode,7,datasets/varKodes/706@00002000K+k7.png,family:Malpighiaceae;genus:Cottsia,False
176,1000000,varKode,7,datasets/varKodes/176@00001000K+k7.png,family:Malpighiaceae;genus:Acridocarpus,False
S-3,2000000,varKode,7,datasets/varKodes/S-3@00002000K+k7.png,family:Malpighiaceae;genus:Stigmaphyllon;species:S_paralias,False
C-181,500000,varKode,7,datasets/varKodes/C-181@00000500K+k7.png,family:Chrysobalanaceae;genus:Licania,False
1540,500000,varKode,7,datasets/varKodes/1540@00000500K+k7.png,family:Malpighiaceae;genus:Carolus,False
S-86,1000000,varKode,7,datasets/varKodes/S-86@00001000K+k7.png,family:Malpighiaceae;genus:Stigmaphyllon;species:S_bogotense,False
1590,10000000,varKode,7,datasets/varKodes/1590@00010000K+k7.png,family:Malpighiaceae;genus:Carolus,False
C-263,100000000,varKode,7,datasets/varKodes/C-263@00100000K+k7.png,family:Chrysobalanaceae;genus:Acioa,False
1716,100000000,varKode,7,datasets/varKodes/1716@00100000K+k7.png,family:Malpighiaceae;genus:Dicella,False
S-53,5000000,varKode,7,datasets/varKodes/S-53@00005000K+k7.png,family:Malpighiaceae;genus:Stigmaphyllon;species:S_emarginatum,False
S-14,20000000,varKode,7,datasets/varKodes/S-14@00020000K+k7.png,family:Malpighiaceae;genus:Stigmaphyllon;species:S_ciliatum,False
S-84,2000000,varKode,7,datasets/varKodes/S-84@00002000K+k7.png,family:Malpighiaceae;genus:Stigmaphyllon;species:S_bogotense,False
C-40,5000000,varKode,7,datasets/varKodes/C-40@00005000K+k7.png,family:Chrysobalanaceae;genus:Hirtella,False
S-7,500000,varKode,7,datasets/varKodes/S-7@00000500K+k7.png,family:Malpighiaceae;genus:Stigmaphyllon;species:S_paralias,False
2657,2000000,varKode,7,datasets/varKodes/2657@00002000K+k7.png,family:Malpighiaceae;genus:Hiptage,False
C-17,100000000,varKode,7,datasets/varKodes/C-17@00100000K+k7.png,family:Chrysobalanaceae;genus:Couepia,False
S-59,100000000,varKode,7,datasets/varKodes/S-59@00100000K+k7.png,family:Malpighiaceae;genus:Stigmaphyllon;species:S_emarginatum,False
S-37,2000000,varKode,7,datasets/varKodes/S-37@00002000K+k7.png,family:Malpighiaceae;genus:Stigmaphyllon;species:S_bonariense,False
1677,1000000,varKode,7,datasets/varKodes/1677@00001000K+k7.png,family:Malpighiaceae;genus:Aspicarpa,False
2168,500000,varKode,7,datasets/varKodes/2168@00000500K+k7.png,family:Malpighiaceae;genus:Bunchosia,False
S-31,20000000,varKode,7,datasets/varKodes/S-31@00020000K+k7.png,family:Malpighiaceae;genus:Stigmaphyllon;species:S_bonariense,False
S-49,5000000,varKode,7,datasets/varKodes/S-49@00005000K+k7.png,family:Malpighiaceae;genus:Stigmaphyllon;species:S_ellipticum,False
1240,5000000,varKode,7,datasets/varKodes/1240@00005000K+k7.png,family:Malpighiaceae;genus:Diplopterys,False
S-100,200000000,varKode,7,datasets/varKodes/S-100@00200000K+k7.png,family:Malpighiaceae;genus:Stigmaphyllon;species:S_bannisterioides,False
S-6,100000000,varKode,7,datasets/varKodes/S-6@00100000K+k7.png,family:Malpighiaceae;genus:Stigmaphyllon;species:S_paralias,False
S-92,5000000,varKode,7,datasets/varKodes/S-92@00005000K+k7.png,family:Malpighiaceae;genus:Stigmaphyllon;species:S_bannisterioides,False
3609,500000,varKode,7,datasets/varKodes/3609@00000500K+k7.png,family:Malpighiaceae;genus:Diplopterys,False
C-21,10000000,varKode,7,datasets/varKodes/C-21@00010000K+k7.png,family:Chrysobalanaceae;genus:Exellodendron,False
1382,50000000,varKode,7,datasets/varKodes/1382@00050000K+k7.png,family:Malpighiaceae;genus:Microsteira,False
S-48,2000000,varKode,7,datasets/varKodes/S-48@00002000K+k7.png,family:Malpighiaceae;genus:Stigmaphyllon;species:S_ellipticum,False
3349,20000000,varKode,7,datasets/varKodes/3349@00020000K+k7.png,family:Malpighiaceae;genus:Burdachia,False
S-85,5000000,varKode,7,datasets/varKodes/S-85@00005000K+k7.png,family:Malpighiaceae;genus:Stigmaphyllon;species:S_bogotense,False
644,1000000,varKode,7,datasets/varKodes/644@00001000K+k7.png,family:Malpighiaceae;genus:Carolus,False
3234,20000000,varKode,7,datasets/varKodes/3234@00020000K+k7.png,family:Malpighiaceae;genus:Malpighia,False
747,20000000,varKode,7,datasets/varKodes/747@00020000K+k7.png,family:Malpighiaceae;genus:Camarea,False
S-79,20000000,varKode,7,datasets/varKodes/S-79@00020000K+k7.png,family:Malpighiaceae;genus:Stigmaphyllon;species:S_lindenianum,False
S-84,10000000,varKode,7,datasets/varKodes/S-84@00010000K+k7.png,family:Malpighiaceae;genus:Stigmaphyllon;species:S_bogotense,False
3527,5000000,varKode,7,datasets/varKodes/3527@00005000K+k7.png,family:Malpighiaceae;genus:Banisteriopsis,False
S-43,50000000,varKode,7,datasets/varKodes/S-43@00050000K+k7.png,family:Malpighiaceae;genus:Stigmaphyllon;species:S_ellipticum,False
1525,5000000,varKode,7,datasets/varKodes/1525@00005000K+k7.png,family:Malpighiaceae;genus:Christianella,False
1915,183743000,varKode,7,datasets/varKodes/1915@00183743K+k7.png,family:Malpighiaceae;genus:Mascagnia,False
2647,5000000,varKode,7,datasets/varKodes/2647@00005000K+k7.png,family:Malpighiaceae;genus:Galphimia,False
S-96,200000000,varKode,7,datasets/varKodes/S-96@00200000K+k7.png,family:Malpighiaceae;genus:Stigmaphyllon;species:S_bannisterioides,False
S-44,200000000,varKode,7,datasets/varKodes/S-44@00200000K+k7.png,family:Malpighiaceae;genus:Stigmaphyllon;species:S_ellipticum,False
S-1,2000000,varKode,7,datasets/varKodes/S-1@00002000K+k7.png,family:Malpighiaceae;genus:Stigmaphyllon;species:S_paralias,False
S-33,5000000,varKode,7,datasets/varKodes/S-33@00005000K+k7.png,family:Malpighiaceae;genus:Stigmaphyllon;species:S_bonariense,False
S-55,200000000,varKode,7,datasets/varKodes/S-55@00200000K+k7.png,family:Malpighiaceae;genus:Stigmaphyllon;species:S_emarginatum,False
2827,2000000,varKode,7,datasets/varKodes/2827@00002000K+k7.png,family:Malpighiaceae;genus:Bunchosia,False
710,10000000,varKode,7,datasets/varKodes/710@00010000K+k7.png,family:Malpighiaceae;genus:Blepharandra,False
S-13,20000000,varKode,7,datasets/varKodes/S-13@00020000K+k7.png,family:Malpighiaceae;genus:Stigmaphyllon;species:S_ciliatum,False
S-41,10000000,varKode,7,datasets/varKodes/S-41@00010000K+k7.png,family:Malpighiaceae;genus:Stigmaphyllon;species:S_ellipticum,False
S-25,500000,varKode,7,datasets/varKodes/S-25@00000500K+k7.png,family:Malpighiaceae;genus:Stigmaphyllon;species:S_jatrophifolium,False
3970,2000000,varKode,7,datasets/varKodes/3970@00002000K+k7.png,family:Malpighiaceae;genus:Dicella,False
2711,50000000,varKode,7,datasets/varKodes/2711@00050000K+k7.png,family:Malpighiaceae;genus:Byrsonima,False
710,1000000,varKode,7,datasets/varKodes/710@00001000K+k7.png,family:Malpighiaceae;genus:Blepharandra,False
3349,1000000,varKode,7,datasets/varKodes/3349@00001000K+k7.png,family:Malpighiaceae;genus:Burdachia,False
S-12,100000000,varKode,7,datasets/varKodes/S-12@00100000K+k7.png,family:Malpighiaceae;genus:Stigmaphyllon;species:S_ciliatum,False
2272,20000000,varKode,7,datasets/varKodes/2272@00020000K+k7.png,family:Elatinaceae;genus:Elatine,False
S-8,200000000,varKode,7,datasets/varKodes/S-8@00200000K+k7.png,family:Malpighiaceae;genus:Stigmaphyllon;species:S_paralias,False
1944,5000000,varKode,7,datasets/varKodes/1944@00005000K+k7.png,family:Malpighiaceae;genus:Bronwenia,False
1676,500000,varKode,7,datasets/varKodes/1676@00000500K+k7.png,family:Malpighiaceae;genus:Aspicarpa,False
3423,50000000,varKode,7,datasets/varKodes/3423@00050000K+k7.png,family:Malpighiaceae;genus:Tetrapterys,False
1770,50000000,varKode,7,datasets/varKodes/1770@00050000K+k7.png,family:Malpighiaceae;genus:Bunchosia,False
S-81,100000000,varKode,7,datasets/varKodes/S-81@00100000K+k7.png,family:Malpighiaceae;genus:Stigmaphyllon;species:S_bogotense,False
S-94,5000000,varKode,7,datasets/varKodes/S-94@00005000K+k7.png,family:Malpighiaceae;genus:Stigmaphyllon;species:S_bannisterioides,False
C-387,2000000,varKode,7,datasets/varKodes/C-387@00002000K+k7.png,family:Chrysobalanaceae;genus:Dactyladenia,False
2942,500000,varKode,7,datasets/varKodes/2942@00000500K+k7.png,family:Malpighiaceae;genus:Tetrapterys,False
1240,20000000,varKode,7,datasets/varKodes/1240@00020000K+k7.png,family:Malpighiaceae;genus:Diplopterys,False
168,2000000,varKode,7,datasets/varKodes/168@00002000K+k7.png,family:Malpighiaceae;genus:Acridocarpus,False
C-239,200000000,varKode,7,datasets/varKodes/C-239@00200000K+k7.png,family:Chrysobalanaceae;genus:Dactyladenia,False
S-30,2000000,varKode,7,datasets/varKodes/S-30@00002000K+k7.png,family:Malpighiaceae;genus:Stigmaphyllon;species:S_jatrophifolium,False
S-59,20000000,varKode,7,datasets/varKodes/S-59@00020000K+k7.png,family:Malpighiaceae;genus:Stigmaphyllon;species:S_emarginatum,False
1936,10000000,varKode,7,datasets/varKodes/1936@00010000K+k7.png,family:Malpighiaceae;genus:Mascagnia,False
1860,20000000,varKode,7,datasets/varKodes/1860@00020000K+k7.png,family:Malpighiaceae;genus:Bronwenia,False
3349,500000,varKode,7,datasets/varKodes/3349@00000500K+k7.png,family:Malpighiaceae;genus:Burdachia,False
C-17,10000000,varKode,7,datasets/varKodes/C-17@00010000K+k7.png,family:Chrysobalanaceae;genus:Couepia,False
S-80,2000000,varKode,7,datasets/varKodes/S-80@00002000K+k7.png,family:Malpighiaceae;genus:Stigmaphyllon;species:S_lindenianum,False
S-93,14753000,varKode,7,datasets/varKodes/S-93@00014753K+k7.png,family:Malpighiaceae;genus:Stigmaphyllon;species:S_bannisterioides,False
S-64,100000000,varKode,7,datasets/varKodes/S-64@00100000K+k7.png,family:Malpighiaceae;genus:Stigmaphyllon;species:S_puberum,False
1502,10000000,varKode,7,datasets/varKodes/1502@00010000K+k7.png,family:Malpighiaceae;genus:Tristellateia,False
1162,47387000,varKode,7,datasets/varKodes/1162@00047387K+k7.png,family:Malpighiaceae;genus:Camarea,False
1089,500000,varKode,7,datasets/varKodes/1089@00000500K+k7.png,family:Malpighiaceae;genus:Triaspis,False
1582,10000000,varKode,7,datasets/varKodes/1582@00010000K+k7.png,family:Malpighiaceae;genus:Galphimia,False
2100,500000,varKode,7,datasets/varKodes/2100@00000500K+k7.png,family:Malpighiaceae;genus:Callaeum,False
1928,20000000,varKode,7,datasets/varKodes/1928@00020000K+k7.png,family:Malpighiaceae;genus:Diacidia,False
S-57,100000000,varKode,7,datasets/varKodes/S-57@00100000K+k7.png,family:Malpighiaceae;genus:Stigmaphyllon;species:S_emarginatum,False
S-22,500000,varKode,7,datasets/varKodes/S-22@00000500K+k7.png,family:Malpighiaceae;genus:Stigmaphyllon;species:S_jatrophifolium,False
3447,78156000,varKode,7,datasets/varKodes/3447@00078156K+k7.png,family:Malpighiaceae;genus:Acmanthera,False
C-69,200000000,varKode,7,datasets/varKodes/C-69@00200000K+k7.png,family:Chrysobalanaceae;genus:Couepia,False
S-78,20000000,varKode,7,datasets/varKodes/S-78@00020000K+k7.png,family:Malpighiaceae;genus:Stigmaphyllon;species:S_lindenianum,False
3545,1000000,varKode,7,datasets/varKodes/3545@00001000K+k7.png,family:Malpighiaceae;genus:Burdachia,False
3600,2000000,varKode,7,datasets/varKodes/3600@00002000K+k7.png,family:Malpighiaceae;genus:Dicella,False
S-28,5000000,varKode,7,datasets/varKodes/S-28@00005000K+k7.png,family:Malpighiaceae;genus:Stigmaphyllon;species:S_jatrophifolium,False
S-56,5000000,varKode,7,datasets/varKodes/S-56@00005000K+k7.png,family:Malpighiaceae;genus:Stigmaphyllon;species:S_emarginatum,False
C-280,2000000,varKode,7,datasets/varKodes/C-280@00002000K+k7.png,family:Chrysobalanaceae;genus:Couepia,False
S-40,50000000,varKode,7,datasets/varKodes/S-40@00050000K+k7.png,family:Malpighiaceae;genus:Stigmaphyllon;species:S_bonariense,False
C-227,100000000,varKode,7,datasets/varKodes/C-227@00100000K+k7.png,family:Chrysobalanaceae;genus:Hirtella,False
S-54,2000000,varKode,7,datasets/varKodes/S-54@00002000K+k7.png,family:Malpighiaceae;genus:Stigmaphyllon;species:S_emarginatum,False
3013,500000,varKode,7,datasets/varKodes/3013@00000500K+k7.png,family:Malpighiaceae;genus:Banisteriopsis,False
S-78,100000000,varKode,7,datasets/varKodes/S-78@00100000K+k7.png,family:Malpighiaceae;genus:Stigmaphyllon;species:S_lindenianum,False
1570,5000000,varKode,7,datasets/varKodes/1570@00005000K+k7.png,family:Malpighiaceae;genus:Malpighiodes,False
821,5000000,varKode,7,datasets/varKodes/821@00005000K+k7.png,family:Malpighiaceae;genus:Mascagnia,False
3680,500000,varKode,7,datasets/varKodes/3680@00000500K+k7.png,family:Malpighiaceae;genus:Tristellateia,False
S-99,200000000,varKode,7,datasets/varKodes/S-99@00200000K+k7.png,family:Malpighiaceae;genus:Stigmaphyllon;species:S_bannisterioides,False
S-19,2000000,varKode,7,datasets/varKodes/S-19@00002000K+k7.png,family:Malpighiaceae;genus:Stigmaphyllon;species:S_ciliatum,False
S-62,200000000,varKode,7,datasets/varKodes/S-62@00200000K+k7.png,family:Malpighiaceae;genus:Stigmaphyllon;species:S_puberum,False
1582,5000000,varKode,7,datasets/varKodes/1582@00005000K+k7.png,family:Malpighiaceae;genus:Galphimia,False
2711,500000,varKode,7,datasets/varKodes/2711@00000500K+k7.png,family:Malpighiaceae;genus:Byrsonima,False
644,5000000,varKode,7,datasets/varKodes/644@00005000K+k7.png,family:Malpighiaceae;genus:Carolus,False
S-67,200000000,varKode,7,datasets/varKodes/S-67@00200000K+k7.png,family:Malpighiaceae;genus:Stigmaphyllon;species:S_puberum,False
1676,1000000,varKode,7,datasets/varKodes/1676@00001000K+k7.png,family:Malpighiaceae;genus:Aspicarpa,False
S-39,50000000,varKode,7,datasets/varKodes/S-39@00050000K+k7.png,family:Malpighiaceae;genus:Stigmaphyllon;species:S_bonariense,False
3431,61732000,varKode,7,datasets/varKodes/3431@00061732K+k7.png,family:Malpighiaceae;genus:Christianella,False
3356,2000000,varKode,7,datasets/varKodes/3356@00002000K+k7.png,family:Malpighiaceae;genus:Cottsia,False
1845,10000000,varKode,7,datasets/varKodes/1845@00010000K+k7.png,family:Malpighiaceae;genus:Bronwenia,False
3345,2000000,varKode,7,datasets/varKodes/3345@00002000K+k7.png,family:Malpighiaceae;genus:Blepharandra,False
S-36,200000000,varKode,7,datasets/varKodes/S-36@00200000K+k7.png,family:Malpighiaceae;genus:Stigmaphyllon;species:S_bonariense,False
3955,5000000,varKode,7,datasets/varKodes/3955@00005000K+k7.png,family:Malpighiaceae;genus:Byrsonima,False
1703,500000,varKode,7,datasets/varKodes/1703@00000500K+k7.png,family:Malpighiaceae;genus:Callaeum,False
1676,10000000,varKode,7,datasets/varKodes/1676@00010000K+k7.png,family:Malpighiaceae;genus:Aspicarpa,False
C-271,2000000,varKode,7,datasets/varKodes/C-271@00002000K+k7.png,family:Chrysobalanaceae;genus:Gaulettia,False
C-263,1000000,varKode,7,datasets/varKodes/C-263@00001000K+k7.png,family:Chrysobalanaceae;genus:Acioa,False
3527,100000000,varKode,7,datasets/varKodes/3527@00100000K+k7.png,family:Malpighiaceae;genus:Banisteriopsis,False
3444,500000,varKode,7,datasets/varKodes/3444@00000500K+k7.png,family:Malpighiaceae;genus:Thryallis,False
C-130,200000000,varKode,7,datasets/varKodes/C-130@00200000K+k7.png,family:Chrysobalanaceae;genus:Licania,False
3386,81438000,varKode,7,datasets/varKodes/3386@00081438K+k7.png,family:Malpighiaceae;genus:Malpighia,False
C-136,200000000,varKode,7,datasets/varKodes/C-136@00200000K+k7.png,family:Chrysobalanaceae;genus:Exellodendron,False
S-74,10000000,varKode,7,datasets/varKodes/S-74@00010000K+k7.png,family:Malpighiaceae;genus:Stigmaphyllon;species:S_lindenianum,False
2693,5000000,varKode,7,datasets/varKodes/2693@00005000K+k7.png,family:Malpighiaceae;genus:Byrsonima,False
C-227,20000000,varKode,7,datasets/varKodes/C-227@00020000K+k7.png,family:Chrysobalanaceae;genus:Hirtella,False
C-130,100000000,varKode,7,datasets/varKodes/C-130@00100000K+k7.png,family:Chrysobalanaceae;genus:Licania,False
170,20000000,varKode,7,datasets/varKodes/170@00020000K+k7.png,family:Malpighiaceae;genus:Acridocarpus,False
S-85,500000,varKode,7,datasets/varKodes/S-85@00000500K+k7.png,family:Malpighiaceae;genus:Stigmaphyllon;species:S_bogotense,False
2763,2000000,varKode,7,datasets/varKodes/2763@00002000K+k7.png,family:Malpighiaceae;genus:Byrsonima,False
S-4,200000000,varKode,7,datasets/varKodes/S-4@00200000K+k7.png,family:Malpighiaceae;genus:Stigmaphyllon;species:S_paralias,False
S-46,1000000,varKode,7,datasets/varKodes/S-46@00001000K+k7.png,family:Malpighiaceae;genus:Stigmaphyllon;species:S_ellipticum,False
1165,20000000,varKode,7,datasets/varKodes/1165@00020000K+k7.png,family:Malpighiaceae;genus:Dicella,False
2763,50000000,varKode,7,datasets/varKodes/2763@00050000K+k7.png,family:Malpighiaceae;genus:Byrsonima,False
S-56,20000000,varKode,7,datasets/varKodes/S-56@00020000K+k7.png,family:Malpighiaceae;genus:Stigmaphyllon;species:S_emarginatum,False
1543,1000000,varKode,7,datasets/varKodes/1543@00001000K+k7.png,family:Malpighiaceae;genus:Carolus,False
1102,5000000,varKode,7,datasets/varKodes/1102@00005000K+k7.png,family:Malpighiaceae;genus:Acridocarpus,False
3349,104571000,varKode,7,datasets/varKodes/3349@00104571K+k7.png,family:Malpighiaceae;genus:Burdachia,False
S-12,50000000,varKode,7,datasets/varKodes/S-12@00050000K+k7.png,family:Malpighiaceae;genus:Stigmaphyllon;species:S_ciliatum,False
3519,8309000,varKode,7,datasets/varKodes/3519@00008309K+k7.png,family:Malpighiaceae;genus:Aspidopterys,False
618,10000000,varKode,7,datasets/varKodes/618@00010000K+k7.png,family:Malpighiaceae;genus:Aspicarpa,False
176,20000000,varKode,7,datasets/varKodes/176@00020000K+k7.png,family:Malpighiaceae;genus:Acridocarpus,False
3966,2000000,varKode,7,datasets/varKodes/3966@00002000K+k7.png,family:Malpighiaceae;genus:Diacidia,False
S-95,5000000,varKode,7,datasets/varKodes/S-95@00005000K+k7.png,family:Malpighiaceae;genus:Stigmaphyllon;species:S_bannisterioides,False
3609,1000000,varKode,7,datasets/varKodes/3609@00001000K+k7.png,family:Malpighiaceae;genus:Diplopterys,False
S-3,100000000,varKode,7,datasets/varKodes/S-3@00100000K+k7.png,family:Malpighiaceae;genus:Stigmaphyllon;species:S_paralias,False
1285,10000000,varKode,7,datasets/varKodes/1285@00010000K+k7.png,family:Malpighiaceae;genus:Aspidopterys,False
S-97,2000000,varKode,7,datasets/varKodes/S-97@00002000K+k7.png,family:Malpighiaceae;genus:Stigmaphyllon;species:S_bannisterioides,False
C-86,10000000,varKode,7,datasets/varKodes/C-86@00010000K+k7.png,family:Chrysobalanaceae;genus:Couepia,False
706,20000000,varKode,7,datasets/varKodes/706@00020000K+k7.png,family:Malpighiaceae;genus:Cottsia,False
3211,10000000,varKode,7,datasets/varKodes/3211@00010000K+k7.png,family:Malpighiaceae;genus:Acridocarpus,False
654,50000000,varKode,7,datasets/varKodes/654@00050000K+k7.png,family:Malpighiaceae;genus:Acmanthera,False
2700,10000000,varKode,7,datasets/varKodes/2700@00010000K+k7.png,family:Malpighiaceae;genus:Byrsonima,False
S-100,20000000,varKode,7,datasets/varKodes/S-100@00020000K+k7.png,family:Malpighiaceae;genus:Stigmaphyllon;species:S_bannisterioides,False
2942,50000000,varKode,7,datasets/varKodes/2942@00050000K+k7.png,family:Malpighiaceae;genus:Tetrapterys,False
174,2000000,varKode,7,datasets/varKodes/174@00002000K+k7.png,family:Malpighiaceae;genus:Triaspis,False
C-17,20000000,varKode,7,datasets/varKodes/C-17@00020000K+k7.png,family:Chrysobalanaceae;genus:Couepia,False
1534,1000000,varKode,7,datasets/varKodes/1534@00001000K+k7.png,family:Malpighiaceae;genus:Amorimia,False
3536,2000000,varKode,7,datasets/varKodes/3536@00002000K+k7.png,family:Malpighiaceae;genus:Banisteriopsis,False
3301,5000000,varKode,7,datasets/varKodes/3301@00005000K+k7.png,family:Malpighiaceae;genus:Heteropterys,False
4004,1000000,varKode,7,datasets/varKodes/4004@00001000K+k7.png,family:Malpighiaceae;genus:Triaspis,False
S-12,2000000,varKode,7,datasets/varKodes/S-12@00002000K+k7.png,family:Malpighiaceae;genus:Stigmaphyllon;species:S_ciliatum,False
2065,1000000,varKode,7,datasets/varKodes/2065@00001000K+k7.png,family:Malpighiaceae;genus:Mascagnia,False
3386,50000000,varKode,7,datasets/varKodes/3386@00050000K+k7.png,family:Malpighiaceae;genus:Malpighia,False
1699,20000000,varKode,7,datasets/varKodes/1699@00020000K+k7.png,family:Malpighiaceae;genus:Callaeum,False
C-136,50000000,varKode,7,datasets/varKodes/C-136@00050000K+k7.png,family:Chrysobalanaceae;genus:Exellodendron,False
176,75258000,varKode,7,datasets/varKodes/176@00075258K+k7.png,family:Malpighiaceae;genus:Acridocarpus,False
1676,41780000,varKode,7,datasets/varKodes/1676@00041780K+k7.png,family:Malpighiaceae;genus:Aspicarpa,False
3594,500000,varKode,7,datasets/varKodes/3594@00000500K+k7.png,family:Malpighiaceae;genus:Camarea,False
S-8,10000000,varKode,7,datasets/varKodes/S-8@00010000K+k7.png,family:Malpighiaceae;genus:Stigmaphyllon;species:S_paralias,False
1699,500000,varKode,7,datasets/varKodes/1699@00000500K+k7.png,family:Malpighiaceae;genus:Callaeum,False
4004,500000,varKode,7,datasets/varKodes/4004@00000500K+k7.png,family:Malpighiaceae;genus:Triaspis,False
C-271,1000000,varKode,7,datasets/varKodes/C-271@00001000K+k7.png,family:Chrysobalanaceae;genus:Gaulettia,False
760,5000000,varKode,7,datasets/varKodes/760@00005000K+k7.png,family:Malpighiaceae;genus:Hiptage,False
S-97,100000000,varKode,7,datasets/varKodes/S-97@00100000K+k7.png,family:Malpighiaceae;genus:Stigmaphyllon;species:S_bannisterioides,False
S-77,200000000,varKode,7,datasets/varKodes/S-77@00200000K+k7.png,family:Malpighiaceae;genus:Stigmaphyllon;species:S_lindenianum,False
2942,54166000,varKode,7,datasets/varKodes/2942@00054166K+k7.png,family:Malpighiaceae;genus:Tetrapterys,False
S-92,10000000,varKode,7,datasets/varKodes/S-92@00010000K+k7.png,family:Malpighiaceae;genus:Stigmaphyllon;species:S_bannisterioides,False
3527,2000000,varKode,7,datasets/varKodes/3527@00002000K+k7.png,family:Malpighiaceae;genus:Banisteriopsis,False
2960,10000000,varKode,7,datasets/varKodes/2960@00010000K+k7.png,family:Malpighiaceae;genus:Banisteriopsis,False
1610,10000000,varKode,7,datasets/varKodes/1610@00010000K+k7.png,family:Malpighiaceae;genus:Malpighiodes,False
S-49,200000000,varKode,7,datasets/varKodes/S-49@00200000K+k7.png,family:Malpighiaceae;genus:Stigmaphyllon;species:S_ellipticum,False
3338,20000000,varKode,7,datasets/varKodes/3338@00020000K+k7.png,family:Malpighiaceae;genus:Amorimia,False
S-39,10000000,varKode,7,datasets/varKodes/S-39@00010000K+k7.png,family:Malpighiaceae;genus:Stigmaphyllon;species:S_bonariense,False
S-91,2000000,varKode,7,datasets/varKodes/S-91@00002000K+k7.png,family:Malpighiaceae;genus:Stigmaphyllon;species:S_bannisterioides,False
1176,500000,varKode,7,datasets/varKodes/1176@00000500K+k7.png,family:Malpighiaceae;genus:Triaspis,False
3545,2000000,varKode,7,datasets/varKodes/3545@00002000K+k7.png,family:Malpighiaceae;genus:Burdachia,False
3970,100000000,varKode,7,datasets/varKodes/3970@00100000K+k7.png,family:Malpighiaceae;genus:Dicella,False
S-53,500000,varKode,7,datasets/varKodes/S-53@00000500K+k7.png,family:Malpighiaceae;genus:Stigmaphyllon;species:S_emarginatum,False
S-88,500000,varKode,7,datasets/varKodes/S-88@00000500K+k7.png,family:Malpighiaceae;genus:Stigmaphyllon;species:S_bogotense,False
S-46,500000,varKode,7,datasets/varKodes/S-46@00000500K+k7.png,family:Malpighiaceae;genus:Stigmaphyllon;species:S_ellipticum,False
1502,2000000,varKode,7,datasets/varKodes/1502@00002000K+k7.png,family:Malpighiaceae;genus:Tristellateia,False
747,10000000,varKode,7,datasets/varKodes/747@00010000K+k7.png,family:Malpighiaceae;genus:Camarea,False
S-54,1000000,varKode,7,datasets/varKodes/S-54@00001000K+k7.png,family:Malpighiaceae;genus:Stigmaphyllon;species:S_emarginatum,False
2647,500000,varKode,7,datasets/varKodes/2647@00000500K+k7.png,family:Malpighiaceae;genus:Galphimia,False
S-26,500000,varKode,7,datasets/varKodes/S-26@00000500K+k7.png,family:Malpighiaceae;genus:Stigmaphyllon;species:S_jatrophifolium,False
3545,500000,varKode,7,datasets/varKodes/3545@00000500K+k7.png,family:Malpighiaceae;genus:Burdachia,False
C-296,10000000,varKode,7,datasets/varKodes/C-296@00010000K+k7.png,family:Chrysobalanaceae;genus:Parinari,False
S-48,50000000,varKode,7,datasets/varKodes/S-48@00050000K+k7.png,family:Malpighiaceae;genus:Stigmaphyllon;species:S_ellipticum,False
710,500000,varKode,7,datasets/varKodes/710@00000500K+k7.png,family:Malpighiaceae;genus:Blepharandra,False
C-251,500000,varKode,7,datasets/varKodes/C-251@00000500K+k7.png,family:Chrysobalanaceae;genus:Hirtella,False
1705,1000000,varKode,7,datasets/varKodes/1705@00001000K+k7.png,family:Malpighiaceae;genus:Dicella,False
3680,50000000,varKode,7,datasets/varKodes/3680@00050000K+k7.png,family:Malpighiaceae;genus:Tristellateia,False
2985,500000,varKode,7,datasets/varKodes/2985@00000500K+k7.png,family:Malpighiaceae;genus:Heteropterys,False
S-22,5000000,varKode,7,datasets/varKodes/S-22@00005000K+k7.png,family:Malpighiaceae;genus:Stigmaphyllon;species:S_jatrophifolium,False
3220,2000000,varKode,7,datasets/varKodes/3220@00002000K+k7.png,family:Malpighiaceae;genus:Heteropterys,False
1677,10000000,varKode,7,datasets/varKodes/1677@00010000K+k7.png,family:Malpighiaceae;genus:Aspicarpa,False
S-30,10000000,varKode,7,datasets/varKodes/S-30@00010000K+k7.png,family:Malpighiaceae;genus:Stigmaphyllon;species:S_jatrophifolium,False
S-67,5000000,varKode,7,datasets/varKodes/S-67@00005000K+k7.png,family:Malpighiaceae;genus:Stigmaphyllon;species:S_puberum,False
C-265,2000000,varKode,7,datasets/varKodes/C-265@00002000K+k7.png,family:Chrysobalanaceae;genus:Acioa,False
S-27,100000000,varKode,7,datasets/varKodes/S-27@00100000K+k7.png,family:Malpighiaceae;genus:Stigmaphyllon;species:S_jatrophifolium,False
S-74,100000000,varKode,7,datasets/varKodes/S-74@00100000K+k7.png,family:Malpighiaceae;genus:Stigmaphyllon;species:S_lindenianum,False
S-48,500000,varKode,7,datasets/varKodes/S-48@00000500K+k7.png,family:Malpighiaceae;genus:Stigmaphyllon;species:S_ellipticum,False
2763,500000,varKode,7,datasets/varKodes/2763@00000500K+k7.png,family:Malpighiaceae;genus:Byrsonima,False
3386,2000000,varKode,7,datasets/varKodes/3386@00002000K+k7.png,family:Malpighiaceae;genus:Malpighia,False
S-35,2000000,varKode,7,datasets/varKodes/S-35@00002000K+k7.png,family:Malpighiaceae;genus:Stigmaphyllon;species:S_bonariense,False
S-73,20000000,varKode,7,datasets/varKodes/S-73@00020000K+k7.png,family:Malpighiaceae;genus:Stigmaphyllon;species:S_lindenianum,False
S-39,2000000,varKode,7,datasets/varKodes/S-39@00002000K+k7.png,family:Malpighiaceae;genus:Stigmaphyllon;species:S_bonariense,False
S-45,100000000,varKode,7,datasets/varKodes/S-45@00100000K+k7.png,family:Malpighiaceae;genus:Stigmaphyllon;species:S_ellipticum,False
1678,1000000,varKode,7,datasets/varKodes/1678@00001000K+k7.png,family:Malpighiaceae;genus:Aspicarpa,False
3419,50000000,varKode,7,datasets/varKodes/3419@00050000K+k7.png,family:Malpighiaceae;genus:Tetrapterys,False
2100,10000000,varKode,7,datasets/varKodes/2100@00010000K+k7.png,family:Malpighiaceae;genus:Callaeum,False
S-90,50000000,varKode,7,datasets/varKodes/S-90@00050000K+k7.png,family:Malpighiaceae;genus:Stigmaphyllon;species:S_bogotense,False
S-17,1000000,varKode,7,datasets/varKodes/S-17@00001000K+k7.png,family:Malpighiaceae;genus:Stigmaphyllon;species:S_ciliatum,False
S-98,20000000,varKode,7,datasets/varKodes/S-98@00020000K+k7.png,family:Malpighiaceae;genus:Stigmaphyllon;species:S_bannisterioides,False
1936,51824000,varKode,7,datasets/varKodes/1936@00051824K+k7.png,family:Malpighiaceae;genus:Mascagnia,False
3595,10000000,varKode,7,datasets/varKodes/3595@00010000K+k7.png,family:Malpighiaceae;genus:Christianella,False
C-239,1000000,varKode,7,datasets/varKodes/C-239@00001000K+k7.png,family:Chrysobalanaceae;genus:Dactyladenia,False
S-57,10000000,varKode,7,datasets/varKodes/S-57@00010000K+k7.png,family:Malpighiaceae;genus:Stigmaphyllon;species:S_emarginatum,False
S-56,1000000,varKode,7,datasets/varKodes/S-56@00001000K+k7.png,family:Malpighiaceae;genus:Stigmaphyllon;species:S_emarginatum,False
C-129,5000000,varKode,7,datasets/varKodes/C-129@00005000K+k7.png,family:Chrysobalanaceae;genus:Parinari,False
2650,5000000,varKode,7,datasets/varKodes/2650@00005000K+k7.png,family:Malpighiaceae;genus:Acridocarpus,False
3338,5000000,varKode,7,datasets/varKodes/3338@00005000K+k7.png,family:Malpighiaceae;genus:Amorimia,False
2700,5000000,varKode,7,datasets/varKodes/2700@00005000K+k7.png,family:Malpighiaceae;genus:Byrsonima,False
S-5,2000000,varKode,7,datasets/varKodes/S-5@00002000K+k7.png,family:Malpighiaceae;genus:Stigmaphyllon;species:S_paralias,False
1102,10000000,varKode,7,datasets/varKodes/1102@00010000K+k7.png,family:Malpighiaceae;genus:Acridocarpus,False
3211,500000,varKode,7,datasets/varKodes/3211@00000500K+k7.png,family:Malpighiaceae;genus:Acridocarpus,False
1165,112184000,varKode,7,datasets/varKodes/1165@00112184K+k7.png,family:Malpighiaceae;genus:Dicella,False
1176,5000000,varKode,7,datasets/varKodes/1176@00005000K+k7.png,family:Malpighiaceae;genus:Triaspis,False
S-10,5000000,varKode,7,datasets/varKodes/S-10@00005000K+k7.png,family:Malpighiaceae;genus:Stigmaphyllon;species:S_paralias,False
S-75,2000000,varKode,7,datasets/varKodes/S-75@00002000K+k7.png,family:Malpighiaceae;genus:Stigmaphyllon;species:S_lindenianum,False
3121,5000000,varKode,7,datasets/varKodes/3121@00005000K+k7.png,family:Malpighiaceae;genus:Tristellateia,False
3357,1000000,varKode,7,datasets/varKodes/3357@00001000K+k7.png,family:Malpighiaceae;genus:Diacidia,False
S-50,100000000,varKode,7,datasets/varKodes/S-50@00100000K+k7.png,family:Malpighiaceae;genus:Stigmaphyllon;species:S_ellipticum,False
1702,20000000,varKode,7,datasets/varKodes/1702@00020000K+k7.png,family:Malpighiaceae;genus:Callaeum,False
3527,50000000,varKode,7,datasets/varKodes/3527@00050000K+k7.png,family:Malpighiaceae;genus:Banisteriopsis,False
1556,50000000,varKode,7,datasets/varKodes/1556@00050000K+k7.png,family:Malpighiaceae;genus:Malpighia,False
1176,20000000,varKode,7,datasets/varKodes/1176@00020000K+k7.png,family:Malpighiaceae;genus:Triaspis,False
1676,20000000,varKode,7,datasets/varKodes/1676@00020000K+k7.png,family:Malpighiaceae;genus:Aspicarpa,False
69,2000000,varKode,7,datasets/varKodes/69@00002000K+k7.png,family:Malpighiaceae;genus:Acridocarpus,False
S-67,10000000,varKode,7,datasets/varKodes/S-67@00010000K+k7.png,family:Malpighiaceae;genus:Stigmaphyllon;species:S_puberum,False
1240,10000000,varKode,7,datasets/varKodes/1240@00010000K+k7.png,family:Malpighiaceae;genus:Diplopterys,False
S-13,500000,varKode,7,datasets/varKodes/S-13@00000500K+k7.png,family:Malpighiaceae;genus:Stigmaphyllon;species:S_ciliatum,False
C-127,2000000,varKode,7,datasets/varKodes/C-127@00002000K+k7.png,family:Chrysobalanaceae;genus:Parinari,False
C-500,157153000,varKode,7,datasets/varKodes/C-500@00157153K+k7.png,family:Chrysobalanaceae;genus:Dactyladenia,False
1531,50000000,varKode,7,datasets/varKodes/1531@00050000K+k7.png,family:Malpighiaceae;genus:Amorimia,False
682,1000000,varKode,7,datasets/varKodes/682@00001000K+k7.png,family:Malpighiaceae;genus:Diacidia,False
S-64,200000000,varKode,7,datasets/varKodes/S-64@00200000K+k7.png,family:Malpighiaceae;genus:Stigmaphyllon;species:S_puberum,False
1877,1000000,varKode,7,datasets/varKodes/1877@00001000K+k7.png,family:Malpighiaceae;genus:Bronwenia,False
S-16,1000000,varKode,7,datasets/varKodes/S-16@00001000K+k7.png,family:Malpighiaceae;genus:Stigmaphyllon;species:S_ciliatum,False
2960,100000000,varKode,7,datasets/varKodes/2960@00100000K+k7.png,family:Malpighiaceae;genus:Banisteriopsis,False
C-69,10000000,varKode,7,datasets/varKodes/C-69@00010000K+k7.png,family:Chrysobalanaceae;genus:Couepia,False
1590,2000000,varKode,7,datasets/varKodes/1590@00002000K+k7.png,family:Malpighiaceae;genus:Carolus,False
S-40,10000000,varKode,7,datasets/varKodes/S-40@00010000K+k7.png,family:Malpighiaceae;genus:Stigmaphyllon;species:S_bonariense,False
C-64,2000000,varKode,7,datasets/varKodes/C-64@00002000K+k7.png,family:Chrysobalanaceae;genus:Acioa,False
S-51,20000000,varKode,7,datasets/varKodes/S-51@00020000K+k7.png,family:Malpighiaceae;genus:Stigmaphyllon;species:S_emarginatum,False
S-23,1000000,varKode,7,datasets/varKodes/S-23@00001000K+k7.png,family:Malpighiaceae;genus:Stigmaphyllon;species:S_jatrophifolium,False
3729,500000,varKode,7,datasets/varKodes/3729@00000500K+k7.png,family:Malpighiaceae;genus:Thryallis,False
S-92,50000000,varKode,7,datasets/varKodes/S-92@00050000K+k7.png,family:Malpighiaceae;genus:Stigmaphyllon;species:S_bannisterioides,False
S-96,1000000,varKode,7,datasets/varKodes/S-96@00001000K+k7.png,family:Malpighiaceae;genus:Stigmaphyllon;species:S_bannisterioides,False
C-342,2000000,varKode,7,datasets/varKodes/C-342@00002000K+k7.png,family:Chrysobalanaceae;genus:Exellodendron,False
845,20000000,varKode,7,datasets/varKodes/845@00020000K+k7.png,family:Malpighiaceae;genus:Heteropterys,False
S-1,1000000,varKode,7,datasets/varKodes/S-1@00001000K+k7.png,family:Malpighiaceae;genus:Stigmaphyllon;species:S_paralias,False
S-11,10000000,varKode,7,datasets/varKodes/S-11@00010000K+k7.png,family:Malpighiaceae;genus:Stigmaphyllon;species:S_ciliatum,False
1717,500000,varKode,7,datasets/varKodes/1717@00000500K+k7.png,family:Malpighiaceae;genus:Galphimia,False
2311,20000000,varKode,7,datasets/varKodes/2311@00020000K+k7.png,family:Elatinaceae;genus:Elatine,False
C-129,200000000,varKode,7,datasets/varKodes/C-129@00200000K+k7.png,family:Chrysobalanaceae;genus:Parinari,False
1176,1000000,varKode,7,datasets/varKodes/1176@00001000K+k7.png,family:Malpighiaceae;genus:Triaspis,False
S-96,20000000,varKode,7,datasets/varKodes/S-96@00020000K+k7.png,family:Malpighiaceae;genus:Stigmaphyllon;species:S_bannisterioides,False
S-98,5000000,varKode,7,datasets/varKodes/S-98@00005000K+k7.png,family:Malpighiaceae;genus:Stigmaphyllon;species:S_bannisterioides,False
C-130,50000000,varKode,7,datasets/varKodes/C-130@00050000K+k7.png,family:Chrysobalanaceae;genus:Licania,False
S-44,2000000,varKode,7,datasets/varKodes/S-44@00002000K+k7.png,family:Malpighiaceae;genus:Stigmaphyllon;species:S_ellipticum,False
S-48,5000000,varKode,7,datasets/varKodes/S-48@00005000K+k7.png,family:Malpighiaceae;genus:Stigmaphyllon;species:S_ellipticum,False
S-92,200000000,varKode,7,datasets/varKodes/S-92@00200000K+k7.png,family:Malpighiaceae;genus:Stigmaphyllon;species:S_bannisterioides,False
S-79,2000000,varKode,7,datasets/varKodes/S-79@00002000K+k7.png,family:Malpighiaceae;genus:Stigmaphyllon;species:S_lindenianum,False
3129,200000000,varKode,7,datasets/varKodes/3129@00200000K+k7.png,family:Malpighiaceae;genus:Bunchosia,False
1102,200000000,varKode,7,datasets/varKodes/1102@00200000K+k7.png,family:Malpighiaceae;genus:Acridocarpus,False
1570,50000000,varKode,7,datasets/varKodes/1570@00050000K+k7.png,family:Malpighiaceae;genus:Malpighiodes,False
C-127,20000000,varKode,7,datasets/varKodes/C-127@00020000K+k7.png,family:Chrysobalanaceae;genus:Parinari,False
S-35,200000000,varKode,7,datasets/varKodes/S-35@00200000K+k7.png,family:Malpighiaceae;genus:Stigmaphyllon;species:S_bonariense,False
2798,10000000,varKode,7,datasets/varKodes/2798@00010000K+k7.png,family:Malpighiaceae;genus:Blepharandra,False
2657,20000000,varKode,7,datasets/varKodes/2657@00020000K+k7.png,family:Malpighiaceae;genus:Hiptage,False
S-1,100000000,varKode,7,datasets/varKodes/S-1@00100000K+k7.png,family:Malpighiaceae;genus:Stigmaphyllon;species:S_paralias,False
1089,34322000,varKode,7,datasets/varKodes/1089@00034322K+k7.png,family:Malpighiaceae;genus:Triaspis,False
S-24,200000000,varKode,7,datasets/varKodes/S-24@00200000K+k7.png,family:Malpighiaceae;genus:Stigmaphyllon;species:S_jatrophifolium,False
S-27,20000000,varKode,7,datasets/varKodes/S-27@00020000K+k7.png,family:Malpighiaceae;genus:Stigmaphyllon;species:S_jatrophifolium,False
682,2000000,varKode,7,datasets/varKodes/682@00002000K+k7.png,family:Malpighiaceae;genus:Diacidia,False
1324,1000000,varKode,7,datasets/varKodes/1324@00001000K+k7.png,family:Malpighiaceae;genus:Microsteira,False
S-69,100000000,varKode,7,datasets/varKodes/S-69@00100000K+k7.png,family:Malpighiaceae;genus:Stigmaphyllon;species:S_puberum,False
1740,69136000,varKode,7,datasets/varKodes/1740@00069136K+k7.png,family:Malpighiaceae;genus:Thryallis,False
C-239,2000000,varKode,7,datasets/varKodes/C-239@00002000K+k7.png,family:Chrysobalanaceae;genus:Dactyladenia,False
3609,44286000,varKode,7,datasets/varKodes/3609@00044286K+k7.png,family:Malpighiaceae;genus:Diplopterys,False
1590,42394000,varKode,7,datasets/varKodes/1590@00042394K+k7.png,family:Malpighiaceae;genus:Carolus,False
S-52,100000000,varKode,7,datasets/varKodes/S-52@00100000K+k7.png,family:Malpighiaceae;genus:Stigmaphyllon;species:S_emarginatum,False
3729,5000000,varKode,7,datasets/varKodes/3729@00005000K+k7.png,family:Malpighiaceae;genus:Thryallis,False
S-63,500000,varKode,7,datasets/varKodes/S-63@00000500K+k7.png,family:Malpighiaceae;genus:Stigmaphyllon;species:S_puberum,False
C-130,500000,varKode,7,datasets/varKodes/C-130@00000500K+k7.png,family:Chrysobalanaceae;genus:Licania,False
S-28,200000000,varKode,7,datasets/varKodes/S-28@00200000K+k7.png,family:Malpighiaceae;genus:Stigmaphyllon;species:S_jatrophifolium,False
3386,500000,varKode,7,datasets/varKodes/3386@00000500K+k7.png,family:Malpighiaceae;genus:Malpighia,False
1653,10000000,varKode,7,datasets/varKodes/1653@00010000K+k7.png,family:Malpighiaceae;genus:Galphimia,False
1944,2000000,varKode,7,datasets/varKodes/1944@00002000K+k7.png,family:Malpighiaceae;genus:Bronwenia,False
2272,1000000,varKode,7,datasets/varKodes/2272@00001000K+k7.png,family:Elatinaceae;genus:Elatine,False
2647,50000000,varKode,7,datasets/varKodes/2647@00050000K+k7.png,family:Malpighiaceae;genus:Galphimia,False
2764,500000,varKode,7,datasets/varKodes/2764@00000500K+k7.png,family:Malpighiaceae;genus:Byrsonima,False
S-14,500000,varKode,7,datasets/varKodes/S-14@00000500K+k7.png,family:Malpighiaceae;genus:Stigmaphyllon;species:S_ciliatum,False
3444,10000000,varKode,7,datasets/varKodes/3444@00010000K+k7.png,family:Malpighiaceae;genus:Thryallis,False
S-33,500000,varKode,7,datasets/varKodes/S-33@00000500K+k7.png,family:Malpighiaceae;genus:Stigmaphyllon;species:S_bonariense,False
S-6,50000000,varKode,7,datasets/varKodes/S-6@00050000K+k7.png,family:Malpighiaceae;genus:Stigmaphyllon;species:S_paralias,False
1678,5000000,varKode,7,datasets/varKodes/1678@00005000K+k7.png,family:Malpighiaceae;genus:Aspicarpa,False
3676,2000000,varKode,7,datasets/varKodes/3676@00002000K+k7.png,family:Malpighiaceae;genus:Tetrapterys,False
1770,2000000,varKode,7,datasets/varKodes/1770@00002000K+k7.png,family:Malpighiaceae;genus:Bunchosia,False
S-6,1000000,varKode,7,datasets/varKodes/S-6@00001000K+k7.png,family:Malpighiaceae;genus:Stigmaphyllon;species:S_paralias,False
S-98,10000000,varKode,7,datasets/varKodes/S-98@00010000K+k7.png,family:Malpighiaceae;genus:Stigmaphyllon;species:S_bannisterioides,False
1946,10000000,varKode,7,datasets/varKodes/1946@00010000K+k7.png,family:Malpighiaceae;genus:Banisteriopsis,False
1699,5000000,varKode,7,datasets/varKodes/1699@00005000K+k7.png,family:Malpighiaceae;genus:Callaeum,False
S-21,100000000,varKode,7,datasets/varKodes/S-21@00100000K+k7.png,family:Malpighiaceae;genus:Stigmaphyllon;species:S_jatrophifolium,False
S-79,200000000,varKode,7,datasets/varKodes/S-79@00200000K+k7.png,family:Malpighiaceae;genus:Stigmaphyllon;species:S_lindenianum,False
3609,20000000,varKode,7,datasets/varKodes/3609@00020000K+k7.png,family:Malpighiaceae;genus:Diplopterys,False
S-45,500000,varKode,7,datasets/varKodes/S-45@00000500K+k7.png,family:Malpighiaceae;genus:Stigmaphyllon;species:S_ellipticum,False
C-181,2000000,varKode,7,datasets/varKodes/C-181@00002000K+k7.png,family:Chrysobalanaceae;genus:Licania,False
C-136,100000000,varKode,7,datasets/varKodes/C-136@00100000K+k7.png,family:Chrysobalanaceae;genus:Exellodendron,False
1946,20000000,varKode,7,datasets/varKodes/1946@00020000K+k7.png,family:Malpighiaceae;genus:Banisteriopsis,False
S-50,20000000,varKode,7,datasets/varKodes/S-50@00020000K+k7.png,family:Malpighiaceae;genus:Stigmaphyllon;species:S_ellipticum,False
S-71,50000000,varKode,7,datasets/varKodes/S-71@00050000K+k7.png,family:Malpighiaceae;genus:Stigmaphyllon;species:S_lindenianum,False
C-129,1000000,varKode,7,datasets/varKodes/C-129@00001000K+k7.png,family:Chrysobalanaceae;genus:Parinari,False
1502,20000000,varKode,7,datasets/varKodes/1502@00020000K+k7.png,family:Malpighiaceae;genus:Tristellateia,False
2657,10000000,varKode,7,datasets/varKodes/2657@00010000K+k7.png,family:Malpighiaceae;genus:Hiptage,False
743,58168000,varKode,7,datasets/varKodes/743@00058168K+k7.png,family:Malpighiaceae;genus:Mascagnia,False
3301,20000000,varKode,7,datasets/varKodes/3301@00020000K+k7.png,family:Malpighiaceae;genus:Heteropterys,False
1915,20000000,varKode,7,datasets/varKodes/1915@00020000K+k7.png,family:Malpighiaceae;genus:Mascagnia,False
682,20000000,varKode,7,datasets/varKodes/682@00020000K+k7.png,family:Malpighiaceae;genus:Diacidia,False
3980,1000000,varKode,7,datasets/varKodes/3980@00001000K+k7.png,family:Malpighiaceae;genus:Heteropterys,False
1877,5000000,varKode,7,datasets/varKodes/1877@00005000K+k7.png,family:Malpighiaceae;genus:Bronwenia,False
2693,1000000,varKode,7,datasets/varKodes/2693@00001000K+k7.png,family:Malpighiaceae;genus:Byrsonima,False
3452,5000000,varKode,7,datasets/varKodes/3452@00005000K+k7.png,family:Malpighiaceae;genus:Diacidia,False
1502,135728000,varKode,7,datasets/varKodes/1502@00135728K+k7.png,family:Malpighiaceae;genus:Tristellateia,False
3301,1000000,varKode,7,datasets/varKodes/3301@00001000K+k7.png,family:Malpighiaceae;genus:Heteropterys,False
S-45,1000000,varKode,7,datasets/varKodes/S-45@00001000K+k7.png,family:Malpighiaceae;genus:Stigmaphyllon;species:S_ellipticum,False
S-81,200000000,varKode,7,datasets/varKodes/S-81@00200000K+k7.png,family:Malpighiaceae;genus:Stigmaphyllon;species:S_bogotense,False
176,10000000,varKode,7,datasets/varKodes/176@00010000K+k7.png,family:Malpighiaceae;genus:Acridocarpus,False
1716,20000000,varKode,7,datasets/varKodes/1716@00020000K+k7.png,family:Malpighiaceae;genus:Dicella,False
1534,5000000,varKode,7,datasets/varKodes/1534@00005000K+k7.png,family:Malpighiaceae;genus:Amorimia,False
944,2000000,varKode,7,datasets/varKodes/944@00002000K+k7.png,family:Malpighiaceae;genus:Tetrapterys,False
S-87,10000000,varKode,7,datasets/varKodes/S-87@00010000K+k7.png,family:Malpighiaceae;genus:Stigmaphyllon;species:S_bogotense,False
C-227,500000,varKode,7,datasets/varKodes/C-227@00000500K+k7.png,family:Chrysobalanaceae;genus:Hirtella,False
69,1000000,varKode,7,datasets/varKodes/69@00001000K+k7.png,family:Malpighiaceae;genus:Acridocarpus,False
S-42,100000000,varKode,7,datasets/varKodes/S-42@00100000K+k7.png,family:Malpighiaceae;genus:Stigmaphyllon;species:S_ellipticum,False
3384,5000000,varKode,7,datasets/varKodes/3384@00005000K+k7.png,family:Malpighiaceae;genus:Malpighia,False
C-271,100000000,varKode,7,datasets/varKodes/C-271@00100000K+k7.png,family:Chrysobalanaceae;genus:Gaulettia,False
S-9,500000,varKode,7,datasets/varKodes/S-9@00000500K+k7.png,family:Malpighiaceae;genus:Stigmaphyllon;species:S_paralias,False
3594,2000000,varKode,7,datasets/varKodes/3594@00002000K+k7.png,family:Malpighiaceae;genus:Camarea,False
270,1000000,varKode,7,datasets/varKodes/270@00001000K+k7.png,family:Malpighiaceae;genus:Microsteira,False
3220,1000000,varKode,7,datasets/varKodes/3220@00001000K+k7.png,family:Malpighiaceae;genus:Heteropterys,False
C-365,100000000,varKode,7,datasets/varKodes/C-365@00100000K+k7.png,family:Chrysobalanaceae;genus:Gaulettia,False
1610,500000,varKode,7,datasets/varKodes/1610@00000500K+k7.png,family:Malpighiaceae;genus:Malpighiodes,False
3606,50000000,varKode,7,datasets/varKodes/3606@00050000K+k7.png,family:Malpighiaceae;genus:Diplopterys,False
S-96,2000000,varKode,7,datasets/varKodes/S-96@00002000K+k7.png,family:Malpighiaceae;genus:Stigmaphyllon;species:S_bannisterioides,False
1102,1000000,varKode,7,datasets/varKodes/1102@00001000K+k7.png,family:Malpighiaceae;genus:Acridocarpus,False
S-28,50000000,varKode,7,datasets/varKodes/S-28@00050000K+k7.png,family:Malpighiaceae;genus:Stigmaphyllon;species:S_jatrophifolium,False
1324,2000000,varKode,7,datasets/varKodes/1324@00002000K+k7.png,family:Malpighiaceae;genus:Microsteira,False
S-90,5000000,varKode,7,datasets/varKodes/S-90@00005000K+k7.png,family:Malpighiaceae;genus:Stigmaphyllon;species:S_bogotense,False
270,20000000,varKode,7,datasets/varKodes/270@00020000K+k7.png,family:Malpighiaceae;genus:Microsteira,False
654,500000,varKode,7,datasets/varKodes/654@00000500K+k7.png,family:Malpighiaceae;genus:Acmanthera,False
3375,500000,varKode,7,datasets/varKodes/3375@00000500K+k7.png,family:Malpighiaceae;genus:Hiptage,False
S-56,500000,varKode,7,datasets/varKodes/S-56@00000500K+k7.png,family:Malpighiaceae;genus:Stigmaphyllon;species:S_emarginatum,False
C-69,2000000,varKode,7,datasets/varKodes/C-69@00002000K+k7.png,family:Chrysobalanaceae;genus:Couepia,False
1915,500000,varKode,7,datasets/varKodes/1915@00000500K+k7.png,family:Malpighiaceae;genus:Mascagnia,False
1182,163375000,varKode,7,datasets/varKodes/1182@00163375K+k7.png,family:Malpighiaceae;genus:Tristellateia,False
3444,5000000,varKode,7,datasets/varKodes/3444@00005000K+k7.png,family:Malpighiaceae;genus:Thryallis,False
C-313,500000,varKode,7,datasets/varKodes/C-313@00000500K+k7.png,family:Chrysobalanaceae;genus:Couepia,False
C-32,100000000,varKode,7,datasets/varKodes/C-32@00100000K+k7.png,family:Chrysobalanaceae;genus:Hirtella,False
2272,500000,varKode,7,datasets/varKodes/2272@00000500K+k7.png,family:Elatinaceae;genus:Elatine,False
760,500000,varKode,7,datasets/varKodes/760@00000500K+k7.png,family:Malpighiaceae;genus:Hiptage,False
3431,50000000,varKode,7,datasets/varKodes/3431@00050000K+k7.png,family:Malpighiaceae;genus:Christianella,False
3609,2000000,varKode,7,datasets/varKodes/3609@00002000K+k7.png,family:Malpighiaceae;genus:Diplopterys,False
3679,5000000,varKode,7,datasets/varKodes/3679@00005000K+k7.png,family:Malpighiaceae;genus:Tristellateia,False
168,1000000,varKode,7,datasets/varKodes/168@00001000K+k7.png,family:Malpighiaceae;genus:Acridocarpus,False
1915,5000000,varKode,7,datasets/varKodes/1915@00005000K+k7.png,family:Malpighiaceae;genus:Mascagnia,False
S-21,50000000,varKode,7,datasets/varKodes/S-21@00050000K+k7.png,family:Malpighiaceae;genus:Stigmaphyllon;species:S_jatrophifolium,False
S-60,20000000,varKode,7,datasets/varKodes/S-60@00020000K+k7.png,family:Malpighiaceae;genus:Stigmaphyllon;species:S_emarginatum,False
S-7,100000000,varKode,7,datasets/varKodes/S-7@00100000K+k7.png,family:Malpighiaceae;genus:Stigmaphyllon;species:S_paralias,False
C-313,100000000,varKode,7,datasets/varKodes/C-313@00100000K+k7.png,family:Chrysobalanaceae;genus:Couepia,False
3341,5000000,varKode,7,datasets/varKodes/3341@00005000K+k7.png,family:Malpighiaceae;genus:Aspidopterys,False
S-86,500000,varKode,7,datasets/varKodes/S-86@00000500K+k7.png,family:Malpighiaceae;genus:Stigmaphyllon;species:S_bogotense,False
S-11,2000000,varKode,7,datasets/varKodes/S-11@00002000K+k7.png,family:Malpighiaceae;genus:Stigmaphyllon;species:S_ciliatum,False
S-89,5000000,varKode,7,datasets/varKodes/S-89@00005000K+k7.png,family:Malpighiaceae;genus:Stigmaphyllon;species:S_bogotense,False
1382,10000000,varKode,7,datasets/varKodes/1382@00010000K+k7.png,family:Malpighiaceae;genus:Microsteira,False
C-48,200000000,varKode,7,datasets/varKodes/C-48@00200000K+k7.png,family:Chrysobalanaceae;genus:Licania,False
1845,5000000,varKode,7,datasets/varKodes/1845@00005000K+k7.png,family:Malpighiaceae;genus:Bronwenia,False
1853,500000,varKode,7,datasets/varKodes/1853@00000500K+k7.png,family:Malpighiaceae;genus:Bronwenia,False
1653,50000000,varKode,7,datasets/varKodes/1653@00050000K+k7.png,family:Malpighiaceae;genus:Galphimia,False
S-34,20000000,varKode,7,datasets/varKodes/S-34@00020000K+k7.png,family:Malpighiaceae;genus:Stigmaphyllon;species:S_bonariense,True
2207,2000000,varKode,7,datasets/varKodes/2207@00002000K+k7.png,family:Malpighiaceae;genus:Galphimia,False
S-23,5000000,varKode,7,datasets/varKodes/S-23@00005000K+k7.png,family:Malpighiaceae;genus:Stigmaphyllon;species:S_jatrophifolium,False
3448,5000000,varKode,7,datasets/varKodes/3448@00005000K+k7.png,family:Malpighiaceae;genus:Acmanthera,False
1946,500000,varKode,7,datasets/varKodes/1946@00000500K+k7.png,family:Malpighiaceae;genus:Banisteriopsis,False
S-2,50000000,varKode,7,datasets/varKodes/S-2@00050000K+k7.png,family:Malpighiaceae;genus:Stigmaphyllon;species:S_paralias,False
S-28,10000000,varKode,7,datasets/varKodes/S-28@00010000K+k7.png,family:Malpighiaceae;genus:Stigmaphyllon;species:S_jatrophifolium,False
743,20000000,varKode,7,datasets/varKodes/743@00020000K+k7.png,family:Malpighiaceae;genus:Mascagnia,False
1853,5000000,varKode,7,datasets/varKodes/1853@00005000K+k7.png,family:Malpighiaceae;genus:Bronwenia,False
1590,5000000,varKode,7,datasets/varKodes/1590@00005000K+k7.png,family:Malpighiaceae;genus:Carolus,False
3955,10000000,varKode,7,datasets/varKodes/3955@00010000K+k7.png,family:Malpighiaceae;genus:Byrsonima,False
S-90,1000000,varKode,7,datasets/varKodes/S-90@00001000K+k7.png,family:Malpighiaceae;genus:Stigmaphyllon;species:S_bogotense,False
S-4,5000000,varKode,7,datasets/varKodes/S-4@00005000K+k7.png,family:Malpighiaceae;genus:Stigmaphyllon;species:S_paralias,False
3980,10000000,varKode,7,datasets/varKodes/3980@00010000K+k7.png,family:Malpighiaceae;genus:Heteropterys,False
1525,1000000,varKode,7,datasets/varKodes/1525@00001000K+k7.png,family:Malpighiaceae;genus:Christianella,False
270,10000000,varKode,7,datasets/varKodes/270@00010000K+k7.png,family:Malpighiaceae;genus:Microsteira,False
3357,13939000,varKode,7,datasets/varKodes/3357@00013939K+k7.png,family:Malpighiaceae;genus:Diacidia,False
618,39813000,varKode,7,datasets/varKodes/618@00039813K+k7.png,family:Malpighiaceae;genus:Aspicarpa,False
69,63747000,varKode,7,datasets/varKodes/69@00063747K+k7.png,family:Malpighiaceae;genus:Acridocarpus,False
S-25,100000000,varKode,7,datasets/varKodes/S-25@00100000K+k7.png,family:Malpighiaceae;genus:Stigmaphyllon;species:S_jatrophifolium,False
S-33,200000000,varKode,7,datasets/varKodes/S-33@00200000K+k7.png,family:Malpighiaceae;genus:Stigmaphyllon;species:S_bonariense,False
1314,2000000,varKode,7,datasets/varKodes/1314@00002000K+k7.png,family:Malpighiaceae;genus:Hiptage,False
S-91,50000000,varKode,7,datasets/varKodes/S-91@00050000K+k7.png,family:Malpighiaceae;genus:Stigmaphyllon;species:S_bannisterioides,False
1853,1000000,varKode,7,datasets/varKodes/1853@00001000K+k7.png,family:Malpighiaceae;genus:Bronwenia,False
S-9,50000000,varKode,7,datasets/varKodes/S-9@00050000K+k7.png,family:Malpighiaceae;genus:Stigmaphyllon;species:S_paralias,False
2311,5000000,varKode,7,datasets/varKodes/2311@00005000K+k7.png,family:Elatinaceae;genus:Elatine,False
C-86,20000000,varKode,7,datasets/varKodes/C-86@00020000K+k7.png,family:Chrysobalanaceae;genus:Couepia,False
3676,183179000,varKode,7,datasets/varKodes/3676@00183179K+k7.png,family:Malpighiaceae;genus:Tetrapterys,False
1653,5000000,varKode,7,datasets/varKodes/1653@00005000K+k7.png,family:Malpighiaceae;genus:Galphimia,False
3955,2000000,varKode,7,datasets/varKodes/3955@00002000K+k7.png,family:Malpighiaceae;genus:Byrsonima,False
3980,500000,varKode,7,datasets/varKodes/3980@00000500K+k7.png,family:Malpighiaceae;genus:Heteropterys,False
S-100,2000000,varKode,7,datasets/varKodes/S-100@00002000K+k7.png,family:Malpighiaceae;genus:Stigmaphyllon;species:S_bannisterioides,False
1502,50000000,varKode,7,datasets/varKodes/1502@00050000K+k7.png,family:Malpighiaceae;genus:Tristellateia,False
C-251,1000000,varKode,7,datasets/varKodes/C-251@00001000K+k7.png,family:Chrysobalanaceae;genus:Hirtella,False
S-62,500000,varKode,7,datasets/varKodes/S-62@00000500K+k7.png,family:Malpighiaceae;genus:Stigmaphyllon;species:S_puberum,False
S-26,20000000,varKode,7,datasets/varKodes/S-26@00020000K+k7.png,family:Malpighiaceae;genus:Stigmaphyllon;species:S_jatrophifolium,False
S-31,50000000,varKode,7,datasets/varKodes/S-31@00050000K+k7.png,family:Malpighiaceae;genus:Stigmaphyllon;species:S_bonariense,False
S-23,200000000,varKode,7,datasets/varKodes/S-23@00200000K+k7.png,family:Malpighiaceae;genus:Stigmaphyllon;species:S_jatrophifolium,False
3640,1000000,varKode,7,datasets/varKodes/3640@00001000K+k7.png,family:Malpighiaceae;genus:Malpighiodes,False
S-16,10000000,varKode,7,datasets/varKodes/S-16@00010000K+k7.png,family:Malpighiaceae;genus:Stigmaphyllon;species:S_ciliatum,False
C-239,50000000,varKode,7,datasets/varKodes/C-239@00050000K+k7.png,family:Chrysobalanaceae;genus:Dactyladenia,False
S-80,10000000,varKode,7,datasets/varKodes/S-80@00010000K+k7.png,family:Malpighiaceae;genus:Stigmaphyllon;species:S_lindenianum,False
2763,1000000,varKode,7,datasets/varKodes/2763@00001000K+k7.png,family:Malpighiaceae;genus:Byrsonima,False
S-39,5000000,varKode,7,datasets/varKodes/S-39@00005000K+k7.png,family:Malpighiaceae;genus:Stigmaphyllon;species:S_bonariense,False
S-14,1000000,varKode,7,datasets/varKodes/S-14@00001000K+k7.png,family:Malpighiaceae;genus:Stigmaphyllon;species:S_ciliatum,False
3338,50000000,varKode,7,datasets/varKodes/3338@00050000K+k7.png,family:Malpighiaceae;genus:Amorimia,False
3231,500000,varKode,7,datasets/varKodes/3231@00000500K+k7.png,family:Malpighiaceae;genus:Malpighia,False
S-91,200000000,varKode,7,datasets/varKodes/S-91@00200000K+k7.png,family:Malpighiaceae;genus:Stigmaphyllon;species:S_bannisterioides,False
3955,20000000,varKode,7,datasets/varKodes/3955@00020000K+k7.png,family:Malpighiaceae;genus:Byrsonima,False
654,78616000,varKode,7,datasets/varKodes/654@00078616K+k7.png,family:Malpighiaceae;genus:Acmanthera,False
1740,2000000,varKode,7,datasets/varKodes/1740@00002000K+k7.png,family:Malpighiaceae;genus:Thryallis,False
1678,20000000,varKode,7,datasets/varKodes/1678@00020000K+k7.png,family:Malpighiaceae;genus:Aspicarpa,False
3353,68611000,varKode,7,datasets/varKodes/3353@00068611K+k7.png,family:Malpighiaceae;genus:Camarea,False
S-12,20000000,varKode,7,datasets/varKodes/S-12@00020000K+k7.png,family:Malpighiaceae;genus:Stigmaphyllon;species:S_ciliatum,False
S-28,2000000,varKode,7,datasets/varKodes/S-28@00002000K+k7.png,family:Malpighiaceae;genus:Stigmaphyllon;species:S_jatrophifolium,False
S-18,2000000,varKode,7,datasets/varKodes/S-18@00002000K+k7.png,family:Malpighiaceae;genus:Stigmaphyllon;species:S_ciliatum,False
S-83,50000000,varKode,7,datasets/varKodes/S-83@00050000K+k7.png,family:Malpighiaceae;genus:Stigmaphyllon;species:S_bogotense,False
S-90,200000000,varKode,7,datasets/varKodes/S-90@00200000K+k7.png,family:Malpighiaceae;genus:Stigmaphyllon;species:S_bogotense,False
C-251,100000000,varKode,7,datasets/varKodes/C-251@00100000K+k7.png,family:Chrysobalanaceae;genus:Hirtella,False
1285,20000000,varKode,7,datasets/varKodes/1285@00020000K+k7.png,family:Malpighiaceae;genus:Aspidopterys,False
C-387,500000,varKode,7,datasets/varKodes/C-387@00000500K+k7.png,family:Chrysobalanaceae;genus:Dactyladenia,False
1653,20000000,varKode,7,datasets/varKodes/1653@00020000K+k7.png,family:Malpighiaceae;genus:Galphimia,False
S-73,200000000,varKode,7,datasets/varKodes/S-73@00200000K+k7.png,family:Malpighiaceae;genus:Stigmaphyllon;species:S_lindenianum,False
C-32,50000000,varKode,7,datasets/varKodes/C-32@00050000K+k7.png,family:Chrysobalanaceae;genus:Hirtella,False
1716,5000000,varKode,7,datasets/varKodes/1716@00005000K+k7.png,family:Malpighiaceae;genus:Dicella,False
69,10000000,varKode,7,datasets/varKodes/69@00010000K+k7.png,family:Malpighiaceae;genus:Acridocarpus,False
3122,500000,varKode,7,datasets/varKodes/3122@00000500K+k7.png,family:Malpighiaceae;genus:Triaspis,False
C-313,50000000,varKode,7,datasets/varKodes/C-313@00050000K+k7.png,family:Chrysobalanaceae;genus:Couepia,False
3600,1000000,varKode,7,datasets/varKodes/3600@00001000K+k7.png,family:Malpighiaceae;genus:Dicella,False
2909,46997000,varKode,7,datasets/varKodes/2909@00046997K+k7.png,family:Elatinaceae;genus:Elatine,False
3356,49018000,varKode,7,datasets/varKodes/3356@00049018K+k7.png,family:Malpighiaceae;genus:Cottsia,False
1679,5000000,varKode,7,datasets/varKodes/1679@00005000K+k7.png,family:Malpighiaceae;genus:Callaeum,False
C-48,50000000,varKode,7,datasets/varKodes/C-48@00050000K+k7.png,family:Chrysobalanaceae;genus:Licania,False
C-500,5000000,varKode,7,datasets/varKodes/C-500@00005000K+k7.png,family:Chrysobalanaceae;genus:Dactyladenia,False
2650,1000000,varKode,7,datasets/varKodes/2650@00001000K+k7.png,family:Malpighiaceae;genus:Acridocarpus,False
2942,1000000,varKode,7,datasets/varKodes/2942@00001000K+k7.png,family:Malpighiaceae;genus:Tetrapterys,False
1531,144622000,varKode,7,datasets/varKodes/1531@00144622K+k7.png,family:Malpighiaceae;genus:Amorimia,False
S-64,50000000,varKode,7,datasets/varKodes/S-64@00050000K+k7.png,family:Malpighiaceae;genus:Stigmaphyllon;species:S_puberum,False
655,20000000,varKode,7,datasets/varKodes/655@00020000K+k7.png,family:Malpighiaceae;genus:Burdachia,False
S-72,1000000,varKode,7,datasets/varKodes/S-72@00001000K+k7.png,family:Malpighiaceae;genus:Stigmaphyllon;species:S_lindenianum,False
S-44,10000000,varKode,7,datasets/varKodes/S-44@00010000K+k7.png,family:Malpighiaceae;genus:Stigmaphyllon;species:S_ellipticum,False
1182,100000000,varKode,7,datasets/varKodes/1182@00100000K+k7.png,family:Malpighiaceae;genus:Tristellateia,False
S-85,20000000,varKode,7,datasets/varKodes/S-85@00020000K+k7.png,family:Malpighiaceae;genus:Stigmaphyllon;species:S_bogotense,False
1936,500000,varKode,7,datasets/varKodes/1936@00000500K+k7.png,family:Malpighiaceae;genus:Mascagnia,False
C-227,1000000,varKode,7,datasets/varKodes/C-227@00001000K+k7.png,family:Chrysobalanaceae;genus:Hirtella,False
S-88,5000000,varKode,7,datasets/varKodes/S-88@00005000K+k7.png,family:Malpighiaceae;genus:Stigmaphyllon;species:S_bogotense,False
2711,200000000,varKode,7,datasets/varKodes/2711@00200000K+k7.png,family:Malpighiaceae;genus:Byrsonima,False
1182,500000,varKode,7,datasets/varKodes/1182@00000500K+k7.png,family:Malpighiaceae;genus:Tristellateia,False
2764,100000000,varKode,7,datasets/varKodes/2764@00100000K+k7.png,family:Malpighiaceae;genus:Byrsonima,False
3340,1000000,varKode,7,datasets/varKodes/3340@00001000K+k7.png,family:Malpighiaceae;genus:Aspidopterys,False
170,5000000,varKode,7,datasets/varKodes/170@00005000K+k7.png,family:Malpighiaceae;genus:Acridocarpus,False
S-86,10000000,varKode,7,datasets/varKodes/S-86@00010000K+k7.png,family:Malpighiaceae;genus:Stigmaphyllon;species:S_bogotense,False
S-96,10000000,varKode,7,datasets/varKodes/S-96@00010000K+k7.png,family:Malpighiaceae;genus:Stigmaphyllon;species:S_bannisterioides,False
S-23,500000,varKode,7,datasets/varKodes/S-23@00000500K+k7.png,family:Malpighiaceae;genus:Stigmaphyllon;species:S_jatrophifolium,False
S-8,20000000,varKode,7,datasets/varKodes/S-8@00020000K+k7.png,family:Malpighiaceae;genus:Stigmaphyllon;species:S_paralias,False
679,100000000,varKode,7,datasets/varKodes/679@00100000K+k7.png,family:Malpighiaceae;genus:Bunchosia,False
2272,134907000,varKode,7,datasets/varKodes/2272@00134907K+k7.png,family:Elatinaceae;genus:Elatine,False
S-20,500000,varKode,7,datasets/varKodes/S-20@00000500K+k7.png,family:Malpighiaceae;genus:Stigmaphyllon;species:S_ciliatum,False
174,500000,varKode,7,datasets/varKodes/174@00000500K+k7.png,family:Malpighiaceae;genus:Triaspis,False
1770,194945000,varKode,7,datasets/varKodes/1770@00194945K+k7.png,family:Malpighiaceae;genus:Bunchosia,False
3121,50000000,varKode,7,datasets/varKodes/3121@00050000K+k7.png,family:Malpighiaceae;genus:Tristellateia,False
C-69,1000000,varKode,7,datasets/varKodes/C-69@00001000K+k7.png,family:Chrysobalanaceae;genus:Couepia,False
S-3,200000000,varKode,7,datasets/varKodes/S-3@00200000K+k7.png,family:Malpighiaceae;genus:Stigmaphyllon;species:S_paralias,False
1590,20000000,varKode,7,datasets/varKodes/1590@00020000K+k7.png,family:Malpighiaceae;genus:Carolus,False
S-73,500000,varKode,7,datasets/varKodes/S-73@00000500K+k7.png,family:Malpighiaceae;genus:Stigmaphyllon;species:S_lindenianum,False
S-34,2000000,varKode,7,datasets/varKodes/S-34@00002000K+k7.png,family:Malpighiaceae;genus:Stigmaphyllon;species:S_bonariense,True
S-78,200000000,varKode,7,datasets/varKodes/S-78@00200000K+k7.png,family:Malpighiaceae;genus:Stigmaphyllon;species:S_lindenianum,False
3935,20000000,varKode,7,datasets/varKodes/3935@00020000K+k7.png,family:Malpighiaceae;genus:Bunchosia,False
S-68,2000000,varKode,7,datasets/varKodes/S-68@00002000K+k7.png,family:Malpighiaceae;genus:Stigmaphyllon;species:S_puberum,False
1699,1000000,varKode,7,datasets/varKodes/1699@00001000K+k7.png,family:Malpighiaceae;genus:Callaeum,False
C-271,5000000,varKode,7,datasets/varKodes/C-271@00005000K+k7.png,family:Chrysobalanaceae;genus:Gaulettia,False
1525,10000000,varKode,7,datasets/varKodes/1525@00010000K+k7.png,family:Malpighiaceae;genus:Christianella,False
C-393,500000,varKode,7,datasets/varKodes/C-393@00000500K+k7.png,family:Chrysobalanaceae;genus:Gaulettia,False
2207,10000000,varKode,7,datasets/varKodes/2207@00010000K+k7.png,family:Malpighiaceae;genus:Galphimia,False
C-17,2000000,varKode,7,datasets/varKodes/C-17@00002000K+k7.png,family:Chrysobalanaceae;genus:Couepia,False
2827,500000,varKode,7,datasets/varKodes/2827@00000500K+k7.png,family:Malpighiaceae;genus:Bunchosia,False
3340,10000000,varKode,7,datasets/varKodes/3340@00010000K+k7.png,family:Malpighiaceae;genus:Aspidopterys,False
1543,2000000,varKode,7,datasets/varKodes/1543@00002000K+k7.png,family:Malpighiaceae;genus:Carolus,False
S-80,1000000,varKode,7,datasets/varKodes/S-80@00001000K+k7.png,family:Malpighiaceae;genus:Stigmaphyllon;species:S_lindenianum,False
S-52,10000000,varKode,7,datasets/varKodes/S-52@00010000K+k7.png,family:Malpighiaceae;genus:Stigmaphyllon;species:S_emarginatum,False
S-49,50000000,varKode,7,datasets/varKodes/S-49@00050000K+k7.png,family:Malpighiaceae;genus:Stigmaphyllon;species:S_ellipticum,False
S-94,2000000,varKode,7,datasets/varKodes/S-94@00002000K+k7.png,family:Malpighiaceae;genus:Stigmaphyllon;species:S_bannisterioides,False
C-181,10000000,varKode,7,datasets/varKodes/C-181@00010000K+k7.png,family:Chrysobalanaceae;genus:Licania,False
S-44,100000000,varKode,7,datasets/varKodes/S-44@00100000K+k7.png,family:Malpighiaceae;genus:Stigmaphyllon;species:S_ellipticum,False
3211,5000000,varKode,7,datasets/varKodes/3211@00005000K+k7.png,family:Malpighiaceae;genus:Acridocarpus,False
3640,10000000,varKode,7,datasets/varKodes/3640@00010000K+k7.png,family:Malpighiaceae;genus:Malpighiodes,False
S-47,1000000,varKode,7,datasets/varKodes/S-47@00001000K+k7.png,family:Malpighiaceae;genus:Stigmaphyllon;species:S_ellipticum,False
S-77,1000000,varKode,7,datasets/varKodes/S-77@00001000K+k7.png,family:Malpighiaceae;genus:Stigmaphyllon;species:S_lindenianum,False
S-53,200000000,varKode,7,datasets/varKodes/S-53@00200000K+k7.png,family:Malpighiaceae;genus:Stigmaphyllon;species:S_emarginatum,False
3301,2000000,varKode,7,datasets/varKodes/3301@00002000K+k7.png,family:Malpighiaceae;genus:Heteropterys,False
176,5000000,varKode,7,datasets/varKodes/176@00005000K+k7.png,family:Malpighiaceae;genus:Acridocarpus,False
S-62,20000000,varKode,7,datasets/varKodes/S-62@00020000K+k7.png,family:Malpighiaceae;genus:Stigmaphyllon;species:S_puberum,False
1162,5000000,varKode,7,datasets/varKodes/1162@00005000K+k7.png,family:Malpighiaceae;genus:Camarea,False
3211,50000000,varKode,7,datasets/varKodes/3211@00050000K+k7.png,family:Malpighiaceae;genus:Acridocarpus,False
S-98,1000000,varKode,7,datasets/varKodes/S-98@00001000K+k7.png,family:Malpighiaceae;genus:Stigmaphyllon;species:S_bannisterioides,False
S-35,5000000,varKode,7,datasets/varKodes/S-35@00005000K+k7.png,family:Malpighiaceae;genus:Stigmaphyllon;species:S_bonariense,False
S-31,500000,varKode,7,datasets/varKodes/S-31@00000500K+k7.png,family:Malpighiaceae;genus:Stigmaphyllon;species:S_bonariense,False
777,50000000,varKode,7,datasets/varKodes/777@00050000K+k7.png,family:Malpighiaceae;genus:Christianella,False
1717,10000000,varKode,7,datasets/varKodes/1717@00010000K+k7.png,family:Malpighiaceae;genus:Galphimia,False
S-95,500000,varKode,7,datasets/varKodes/S-95@00000500K+k7.png,family:Malpighiaceae;genus:Stigmaphyllon;species:S_bannisterioides,False
S-57,50000000,varKode,7,datasets/varKodes/S-57@00050000K+k7.png,family:Malpighiaceae;genus:Stigmaphyllon;species:S_emarginatum,False
3013,2000000,varKode,7,datasets/varKodes/3013@00002000K+k7.png,family:Malpighiaceae;genus:Banisteriopsis,False
S-64,10000000,varKode,7,datasets/varKodes/S-64@00010000K+k7.png,family:Malpighiaceae;genus:Stigmaphyllon;species:S_puberum,False
2831,150990000,varKode,7,datasets/varKodes/2831@00150990K+k7.png,family:Malpighiaceae;genus:Bunchosia,False
S-64,1000000,varKode,7,datasets/varKodes/S-64@00001000K+k7.png,family:Malpighiaceae;genus:Stigmaphyllon;species:S_puberum,False
170,200000000,varKode,7,datasets/varKodes/170@00200000K+k7.png,family:Malpighiaceae;genus:Acridocarpus,False
S-41,20000000,varKode,7,datasets/varKodes/S-41@00020000K+k7.png,family:Malpighiaceae;genus:Stigmaphyllon;species:S_ellipticum,False
1678,2000000,varKode,7,datasets/varKodes/1678@00002000K+k7.png,family:Malpighiaceae;genus:Aspicarpa,False
S-66,20000000,varKode,7,datasets/varKodes/S-66@00020000K+k7.png,family:Malpighiaceae;genus:Stigmaphyllon;species:S_puberum,False
4004,2000000,varKode,7,datasets/varKodes/4004@00002000K+k7.png,family:Malpighiaceae;genus:Triaspis,False
821,10000000,varKode,7,datasets/varKodes/821@00010000K+k7.png,family:Malpighiaceae;genus:Mascagnia,False
S-80,121684000,varKode,7,datasets/varKodes/S-80@00121684K+k7.png,family:Malpighiaceae;genus:Stigmaphyllon;species:S_lindenianum,False
S-68,5000000,varKode,7,datasets/varKodes/S-68@00005000K+k7.png,family:Malpighiaceae;genus:Stigmaphyllon;species:S_puberum,False
944,1000000,varKode,7,datasets/varKodes/944@00001000K+k7.png,family:Malpighiaceae;genus:Tetrapterys,False
C-259,50000000,varKode,7,datasets/varKodes/C-259@00050000K+k7.png,family:Chrysobalanaceae;genus:Hirtella,False
2700,500000,varKode,7,datasets/varKodes/2700@00000500K+k7.png,family:Malpighiaceae;genus:Byrsonima,False
3419,5000000,varKode,7,datasets/varKodes/3419@00005000K+k7.png,family:Malpighiaceae;genus:Tetrapterys,False
C-303,10000000,varKode,7,datasets/varKodes/C-303@00010000K+k7.png,family:Chrysobalanaceae;genus:Licania,False
C-40,50000000,varKode,7,datasets/varKodes/C-40@00050000K+k7.png,family:Chrysobalanaceae;genus:Hirtella,False
3527,500000,varKode,7,datasets/varKodes/3527@00000500K+k7.png,family:Malpighiaceae;genus:Banisteriopsis,False
S-37,1000000,varKode,7,datasets/varKodes/S-37@00001000K+k7.png,family:Malpighiaceae;genus:Stigmaphyllon;species:S_bonariense,False
C-40,20000000,varKode,7,datasets/varKodes/C-40@00020000K+k7.png,family:Chrysobalanaceae;genus:Hirtella,False
S-9,5000000,varKode,7,datasets/varKodes/S-9@00005000K+k7.png,family:Malpighiaceae;genus:Stigmaphyllon;species:S_paralias,False
3966,1000000,varKode,7,datasets/varKodes/3966@00001000K+k7.png,family:Malpighiaceae;genus:Diacidia,False
S-67,1000000,varKode,7,datasets/varKodes/S-67@00001000K+k7.png,family:Malpighiaceae;genus:Stigmaphyllon;species:S_puberum,False
C-313,5000000,varKode,7,datasets/varKodes/C-313@00005000K+k7.png,family:Chrysobalanaceae;genus:Couepia,False
C-239,10000000,varKode,7,datasets/varKodes/C-239@00010000K+k7.png,family:Chrysobalanaceae;genus:Dactyladenia,False
S-28,20000000,varKode,7,datasets/varKodes/S-28@00020000K+k7.png,family:Malpighiaceae;genus:Stigmaphyllon;species:S_jatrophifolium,False
C-265,20000000,varKode,7,datasets/varKodes/C-265@00020000K+k7.png,family:Chrysobalanaceae;genus:Acioa,False
S-12,5000000,varKode,7,datasets/varKodes/S-12@00005000K+k7.png,family:Malpighiaceae;genus:Stigmaphyllon;species:S_ciliatum,False
3448,20000000,varKode,7,datasets/varKodes/3448@00020000K+k7.png,family:Malpighiaceae;genus:Acmanthera,False
1770,5000000,varKode,7,datasets/varKodes/1770@00005000K+k7.png,family:Malpighiaceae;genus:Bunchosia,False
1610,2000000,varKode,7,datasets/varKodes/1610@00002000K+k7.png,family:Malpighiaceae;genus:Malpighiodes,False
S-83,5000000,varKode,7,datasets/varKodes/S-83@00005000K+k7.png,family:Malpighiaceae;genus:Stigmaphyllon;species:S_bogotense,False
S-40,200000000,varKode,7,datasets/varKodes/S-40@00200000K+k7.png,family:Malpighiaceae;genus:Stigmaphyllon;species:S_bonariense,False
2827,10000000,varKode,7,datasets/varKodes/2827@00010000K+k7.png,family:Malpighiaceae;genus:Bunchosia,False
S-19,500000,varKode,7,datasets/varKodes/S-19@00000500K+k7.png,family:Malpighiaceae;genus:Stigmaphyllon;species:S_ciliatum,False
S-45,20000000,varKode,7,datasets/varKodes/S-45@00020000K+k7.png,family:Malpighiaceae;genus:Stigmaphyllon;species:S_ellipticum,False
3423,500000,varKode,7,datasets/varKodes/3423@00000500K+k7.png,family:Malpighiaceae;genus:Tetrapterys,False
S-89,20000000,varKode,7,datasets/varKodes/S-89@00020000K+k7.png,family:Malpighiaceae;genus:Stigmaphyllon;species:S_bogotense,False
1503,1000000,varKode,7,datasets/varKodes/1503@00001000K+k7.png,family:Malpighiaceae;genus:Hiptage,False
S-51,50000000,varKode,7,datasets/varKodes/S-51@00050000K+k7.png,family:Malpighiaceae;genus:Stigmaphyllon;species:S_emarginatum,False
C-181,1000000,varKode,7,datasets/varKodes/C-181@00001000K+k7.png,family:Chrysobalanaceae;genus:Licania,False
1531,100000000,varKode,7,datasets/varKodes/1531@00100000K+k7.png,family:Malpighiaceae;genus:Amorimia,False
2942,5000000,varKode,7,datasets/varKodes/2942@00005000K+k7.png,family:Malpighiaceae;genus:Tetrapterys,False
1174,20000000,varKode,7,datasets/varKodes/1174@00020000K+k7.png,family:Malpighiaceae;genus:Triaspis,False
C-414,20000000,varKode,7,datasets/varKodes/C-414@00020000K+k7.png,family:Chrysobalanaceae;genus:Licania,False
S-11,200000000,varKode,7,datasets/varKodes/S-11@00200000K+k7.png,family:Malpighiaceae;genus:Stigmaphyllon;species:S_ciliatum,False
S-20,200000000,varKode,7,datasets/varKodes/S-20@00200000K+k7.png,family:Malpighiaceae;genus:Stigmaphyllon;species:S_ciliatum,False
3356,5000000,varKode,7,datasets/varKodes/3356@00005000K+k7.png,family:Malpighiaceae;genus:Cottsia,False
S-76,5000000,varKode,7,datasets/varKodes/S-76@00005000K+k7.png,family:Malpighiaceae;genus:Stigmaphyllon;species:S_lindenianum,False
4004,50000000,varKode,7,datasets/varKodes/4004@00050000K+k7.png,family:Malpighiaceae;genus:Triaspis,False
1324,5000000,varKode,7,datasets/varKodes/1324@00005000K+k7.png,family:Malpighiaceae;genus:Microsteira,False
S-2,10000000,varKode,7,datasets/varKodes/S-2@00010000K+k7.png,family:Malpighiaceae;genus:Stigmaphyllon;species:S_paralias,False
69,5000000,varKode,7,datasets/varKodes/69@00005000K+k7.png,family:Malpighiaceae;genus:Acridocarpus,False
2065,500000,varKode,7,datasets/varKodes/2065@00000500K+k7.png,family:Malpighiaceae;genus:Mascagnia,False
3357,500000,varKode,7,datasets/varKodes/3357@00000500K+k7.png,family:Malpighiaceae;genus:Diacidia,False
S-23,50000000,varKode,7,datasets/varKodes/S-23@00050000K+k7.png,family:Malpighiaceae;genus:Stigmaphyllon;species:S_jatrophifolium,False
3609,10000000,varKode,7,datasets/varKodes/3609@00010000K+k7.png,family:Malpighiaceae;genus:Diplopterys,False
1905,10000000,varKode,7,datasets/varKodes/1905@00010000K+k7.png,family:Malpighiaceae;genus:Diplopterys,False
1874,10000000,varKode,7,datasets/varKodes/1874@00010000K+k7.png,family:Malpighiaceae;genus:Banisteriopsis,False
S-56,43079000,varKode,7,datasets/varKodes/S-56@00043079K+k7.png,family:Malpighiaceae;genus:Stigmaphyllon;species:S_emarginatum,False
533,1000000,varKode,7,datasets/varKodes/533@00001000K+k7.png,family:Malpighiaceae;genus:Heteropterys,False
S-8,50000000,varKode,7,datasets/varKodes/S-8@00050000K+k7.png,family:Malpighiaceae;genus:Stigmaphyllon;species:S_paralias,False
3220,500000,varKode,7,datasets/varKodes/3220@00000500K+k7.png,family:Malpighiaceae;genus:Heteropterys,False
3345,1000000,varKode,7,datasets/varKodes/3345@00001000K+k7.png,family:Malpighiaceae;genus:Blepharandra,False
S-58,1000000,varKode,7,datasets/varKodes/S-58@00001000K+k7.png,family:Malpighiaceae;genus:Stigmaphyllon;species:S_emarginatum,False
1661,1000000,varKode,7,datasets/varKodes/1661@00001000K+k7.png,family:Malpighiaceae;genus:Microsteira,False
3595,5000000,varKode,7,datasets/varKodes/3595@00005000K+k7.png,family:Malpighiaceae;genus:Christianella,False
2168,100000000,varKode,7,datasets/varKodes/2168@00100000K+k7.png,family:Malpighiaceae;genus:Bunchosia,False
1850,1000000,varKode,7,datasets/varKodes/1850@00001000K+k7.png,family:Malpighiaceae;genus:Banisteriopsis,False
S-73,1000000,varKode,7,datasets/varKodes/S-73@00001000K+k7.png,family:Malpighiaceae;genus:Stigmaphyllon;species:S_lindenianum,False
1314,500000,varKode,7,datasets/varKodes/1314@00000500K+k7.png,family:Malpighiaceae;genus:Hiptage,False
C-303,200000000,varKode,7,datasets/varKodes/C-303@00200000K+k7.png,family:Chrysobalanaceae;genus:Licania,False
S-32,1000000,varKode,7,datasets/varKodes/S-32@00001000K+k7.png,family:Malpighiaceae;genus:Stigmaphyllon;species:S_bonariense,False
618,5000000,varKode,7,datasets/varKodes/618@00005000K+k7.png,family:Malpighiaceae;genus:Aspicarpa,False
S-18,10000000,varKode,7,datasets/varKodes/S-18@00010000K+k7.png,family:Malpighiaceae;genus:Stigmaphyllon;species:S_ciliatum,False
S-1,200000000,varKode,7,datasets/varKodes/S-1@00200000K+k7.png,family:Malpighiaceae;genus:Stigmaphyllon;species:S_paralias,False
S-84,5000000,varKode,7,datasets/varKodes/S-84@00005000K+k7.png,family:Malpighiaceae;genus:Stigmaphyllon;species:S_bogotense,False
C-365,50000000,varKode,7,datasets/varKodes/C-365@00050000K+k7.png,family:Chrysobalanaceae;genus:Gaulettia,False
S-82,2000000,varKode,7,datasets/varKodes/S-82@00002000K+k7.png,family:Malpighiaceae;genus:Stigmaphyllon;species:S_bogotense,False
3966,100000000,varKode,7,datasets/varKodes/3966@00100000K+k7.png,family:Malpighiaceae;genus:Diacidia,False
655,500000,varKode,7,datasets/varKodes/655@00000500K+k7.png,family:Malpighiaceae;genus:Burdachia,False
S-50,1000000,varKode,7,datasets/varKodes/S-50@00001000K+k7.png,family:Malpighiaceae;genus:Stigmaphyllon;species:S_ellipticum,False
S-43,5000000,varKode,7,datasets/varKodes/S-43@00005000K+k7.png,family:Malpighiaceae;genus:Stigmaphyllon;species:S_ellipticum,False
821,500000,varKode,7,datasets/varKodes/821@00000500K+k7.png,family:Malpighiaceae;genus:Mascagnia,False
777,100000000,varKode,7,datasets/varKodes/777@00100000K+k7.png,family:Malpighiaceae;genus:Christianella,False
S-4,20000000,varKode,7,datasets/varKodes/S-4@00020000K+k7.png,family:Malpighiaceae;genus:Stigmaphyllon;species:S_paralias,False
C-500,20000000,varKode,7,datasets/varKodes/C-500@00020000K+k7.png,family:Chrysobalanaceae;genus:Dactyladenia,False
1774,1000000,varKode,7,datasets/varKodes/1774@00001000K+k7.png,family:Malpighiaceae;genus:Bunchosia,False
S-20,50000000,varKode,7,datasets/varKodes/S-20@00050000K+k7.png,family:Malpighiaceae;genus:Stigmaphyllon;species:S_ciliatum,False
2311,2000000,varKode,7,datasets/varKodes/2311@00002000K+k7.png,family:Elatinaceae;genus:Elatine,False
2960,1000000,varKode,7,datasets/varKodes/2960@00001000K+k7.png,family:Malpighiaceae;genus:Banisteriopsis,False
3386,20000000,varKode,7,datasets/varKodes/3386@00020000K+k7.png,family:Malpighiaceae;genus:Malpighia,False
3338,170129000,varKode,7,datasets/varKodes/3338@00170129K+k7.png,family:Malpighiaceae;genus:Amorimia,False
S-73,10000000,varKode,7,datasets/varKodes/S-73@00010000K+k7.png,family:Malpighiaceae;genus:Stigmaphyllon;species:S_lindenianum,False
S-25,1000000,varKode,7,datasets/varKodes/S-25@00001000K+k7.png,family:Malpighiaceae;genus:Stigmaphyllon;species:S_jatrophifolium,False
C-342,10000000,varKode,7,datasets/varKodes/C-342@00010000K+k7.png,family:Chrysobalanaceae;genus:Exellodendron,False
S-16,500000,varKode,7,datasets/varKodes/S-16@00000500K+k7.png,family:Malpighiaceae;genus:Stigmaphyllon;species:S_ciliatum,False
S-68,20000000,varKode,7,datasets/varKodes/S-68@00020000K+k7.png,family:Malpighiaceae;genus:Stigmaphyllon;species:S_puberum,False
S-81,5000000,varKode,7,datasets/varKodes/S-81@00005000K+k7.png,family:Malpighiaceae;genus:Stigmaphyllon;species:S_bogotense,False
3345,5000000,varKode,7,datasets/varKodes/3345@00005000K+k7.png,family:Malpighiaceae;genus:Blepharandra,False
C-136,20000000,varKode,7,datasets/varKodes/C-136@00020000K+k7.png,family:Chrysobalanaceae;genus:Exellodendron,False
1774,5000000,varKode,7,datasets/varKodes/1774@00005000K+k7.png,family:Malpighiaceae;genus:Bunchosia,False
3518,2000000,varKode,7,datasets/varKodes/3518@00002000K+k7.png,family:Malpighiaceae;genus:Amorimia,False
3342,50000000,varKode,7,datasets/varKodes/3342@00050000K+k7.png,family:Malpighiaceae;genus:Aspidopterys,False
168,49901000,varKode,7,datasets/varKodes/168@00049901K+k7.png,family:Malpighiaceae;genus:Acridocarpus,False
S-58,500000,varKode,7,datasets/varKodes/S-58@00000500K+k7.png,family:Malpighiaceae;genus:Stigmaphyllon;species:S_emarginatum,False
1285,1000000,varKode,7,datasets/varKodes/1285@00001000K+k7.png,family:Malpighiaceae;genus:Aspidopterys,False
3375,1000000,varKode,7,datasets/varKodes/3375@00001000K+k7.png,family:Malpighiaceae;genus:Hiptage,False
1534,10000000,varKode,7,datasets/varKodes/1534@00010000K+k7.png,family:Malpighiaceae;genus:Amorimia,False
S-58,100000000,varKode,7,datasets/varKodes/S-58@00100000K+k7.png,family:Malpighiaceae;genus:Stigmaphyllon;species:S_emarginatum,False
S-10,100000000,varKode,7,datasets/varKodes/S-10@00100000K+k7.png,family:Malpighiaceae;genus:Stigmaphyllon;species:S_paralias,False
S-30,20000000,varKode,7,datasets/varKodes/S-30@00020000K+k7.png,family:Malpighiaceae;genus:Stigmaphyllon;species:S_jatrophifolium,False
2650,50631000,varKode,7,datasets/varKodes/2650@00050631K+k7.png,family:Malpighiaceae;genus:Acridocarpus,False
3375,10000000,varKode,7,datasets/varKodes/3375@00010000K+k7.png,family:Malpighiaceae;genus:Hiptage,False
S-71,1000000,varKode,7,datasets/varKodes/S-71@00001000K+k7.png,family:Malpighiaceae;genus:Stigmaphyllon;species:S_lindenianum,False
C-414,2000000,varKode,7,datasets/varKodes/C-414@00002000K+k7.png,family:Chrysobalanaceae;genus:Licania,False
1860,5000000,varKode,7,datasets/varKodes/1860@00005000K+k7.png,family:Malpighiaceae;genus:Bronwenia,False
1502,1000000,varKode,7,datasets/varKodes/1502@00001000K+k7.png,family:Malpighiaceae;genus:Tristellateia,False
S-21,2000000,varKode,7,datasets/varKodes/S-21@00002000K+k7.png,family:Malpighiaceae;genus:Stigmaphyllon;species:S_jatrophifolium,False
3970,1000000,varKode,7,datasets/varKodes/3970@00001000K+k7.png,family:Malpighiaceae;genus:Dicella,False
3122,2000000,varKode,7,datasets/varKodes/3122@00002000K+k7.png,family:Malpighiaceae;genus:Triaspis,False
2909,5000000,varKode,7,datasets/varKodes/2909@00005000K+k7.png,family:Elatinaceae;genus:Elatine,False
3600,50000000,varKode,7,datasets/varKodes/3600@00050000K+k7.png,family:Malpighiaceae;genus:Dicella,False
S-94,500000,varKode,7,datasets/varKodes/S-94@00000500K+k7.png,family:Malpighiaceae;genus:Stigmaphyllon;species:S_bannisterioides,False
3341,2000000,varKode,7,datasets/varKodes/3341@00002000K+k7.png,family:Malpighiaceae;genus:Aspidopterys,False
S-96,100000000,varKode,7,datasets/varKodes/S-96@00100000K+k7.png,family:Malpighiaceae;genus:Stigmaphyllon;species:S_bannisterioides,False
S-32,2000000,varKode,7,datasets/varKodes/S-32@00002000K+k7.png,family:Malpighiaceae;genus:Stigmaphyllon;species:S_bonariense,False
618,2000000,varKode,7,datasets/varKodes/618@00002000K+k7.png,family:Malpighiaceae;genus:Aspicarpa,False
1770,20000000,varKode,7,datasets/varKodes/1770@00020000K+k7.png,family:Malpighiaceae;genus:Bunchosia,False
C-251,200000000,varKode,7,datasets/varKodes/C-251@00200000K+k7.png,family:Chrysobalanaceae;genus:Hirtella,False
S-8,100000000,varKode,7,datasets/varKodes/S-8@00100000K+k7.png,family:Malpighiaceae;genus:Stigmaphyllon;species:S_paralias,False
3935,1000000,varKode,7,datasets/varKodes/3935@00001000K+k7.png,family:Malpighiaceae;genus:Bunchosia,False
S-45,2000000,varKode,7,datasets/varKodes/S-45@00002000K+k7.png,family:Malpighiaceae;genus:Stigmaphyllon;species:S_ellipticum,False
C-259,500000,varKode,7,datasets/varKodes/C-259@00000500K+k7.png,family:Chrysobalanaceae;genus:Hirtella,False
596,42018000,varKode,7,datasets/varKodes/596@00042018K+k7.png,family:Malpighiaceae;genus:Cottsia,False
3419,1000000,varKode,7,datasets/varKodes/3419@00001000K+k7.png,family:Malpighiaceae;genus:Tetrapterys,False
3423,5000000,varKode,7,datasets/varKodes/3423@00005000K+k7.png,family:Malpighiaceae;genus:Tetrapterys,False
S-74,20000000,varKode,7,datasets/varKodes/S-74@00020000K+k7.png,family:Malpighiaceae;genus:Stigmaphyllon;species:S_lindenianum,False
S-17,2000000,varKode,7,datasets/varKodes/S-17@00002000K+k7.png,family:Malpighiaceae;genus:Stigmaphyllon;species:S_ciliatum,False
C-342,200000000,varKode,7,datasets/varKodes/C-342@00200000K+k7.png,family:Chrysobalanaceae;genus:Exellodendron,False
S-88,1000000,varKode,7,datasets/varKodes/S-88@00001000K+k7.png,family:Malpighiaceae;genus:Stigmaphyllon;species:S_bogotense,False
2650,20000000,varKode,7,datasets/varKodes/2650@00020000K+k7.png,family:Malpighiaceae;genus:Acridocarpus,False
C-387,1000000,varKode,7,datasets/varKodes/C-387@00001000K+k7.png,family:Chrysobalanaceae;genus:Dactyladenia,False
2647,50122000,varKode,7,datasets/varKodes/2647@00050122K+k7.png,family:Malpighiaceae;genus:Galphimia,False
2764,5000000,varKode,7,datasets/varKodes/2764@00005000K+k7.png,family:Malpighiaceae;genus:Byrsonima,False
3234,100000000,varKode,7,datasets/varKodes/3234@00100000K+k7.png,family:Malpighiaceae;genus:Malpighia,False
S-79,100000000,varKode,7,datasets/varKodes/S-79@00100000K+k7.png,family:Malpighiaceae;genus:Stigmaphyllon;species:S_lindenianum,False
1540,11554000,varKode,7,datasets/varKodes/1540@00011554K+k7.png,family:Malpighiaceae;genus:Carolus,False
596,2000000,varKode,7,datasets/varKodes/596@00002000K+k7.png,family:Malpighiaceae;genus:Cottsia,False
C-280,20000000,varKode,7,datasets/varKodes/C-280@00020000K+k7.png,family:Chrysobalanaceae;genus:Couepia,False
S-83,10000000,varKode,7,datasets/varKodes/S-83@00010000K+k7.png,family:Malpighiaceae;genus:Stigmaphyllon;species:S_bogotense,False
C-500,10000000,varKode,7,datasets/varKodes/C-500@00010000K+k7.png,family:Chrysobalanaceae;genus:Dactyladenia,False
S-66,50000000,varKode,7,datasets/varKodes/S-66@00050000K+k7.png,family:Malpighiaceae;genus:Stigmaphyllon;species:S_puberum,False
S-50,500000,varKode,7,datasets/varKodes/S-50@00000500K+k7.png,family:Malpighiaceae;genus:Stigmaphyllon;species:S_ellipticum,False
C-227,5000000,varKode,7,datasets/varKodes/C-227@00005000K+k7.png,family:Chrysobalanaceae;genus:Hirtella,False
C-64,20000000,varKode,7,datasets/varKodes/C-64@00020000K+k7.png,family:Chrysobalanaceae;genus:Acioa,False
682,500000,varKode,7,datasets/varKodes/682@00000500K+k7.png,family:Malpighiaceae;genus:Diacidia,False
1874,1000000,varKode,7,datasets/varKodes/1874@00001000K+k7.png,family:Malpighiaceae;genus:Banisteriopsis,False
1610,100000000,varKode,7,datasets/varKodes/1610@00100000K+k7.png,family:Malpighiaceae;genus:Malpighiodes,False
3384,20000000,varKode,7,datasets/varKodes/3384@00020000K+k7.png,family:Malpighiaceae;genus:Malpighia,False
3230,50000000,varKode,7,datasets/varKodes/3230@00050000K+k7.png,family:Malpighiaceae;genus:Malpighia,False
C-17,1000000,varKode,7,datasets/varKodes/C-17@00001000K+k7.png,family:Chrysobalanaceae;genus:Couepia,False
3279,200000000,varKode,7,datasets/varKodes/3279@00200000K+k7.png,family:Malpighiaceae;genus:Heteropterys,False
S-14,10000000,varKode,7,datasets/varKodes/S-14@00010000K+k7.png,family:Malpighiaceae;genus:Stigmaphyllon;species:S_ciliatum,False
3680,10000000,varKode,7,datasets/varKodes/3680@00010000K+k7.png,family:Malpighiaceae;genus:Tristellateia,False
3342,2000000,varKode,7,datasets/varKodes/3342@00002000K+k7.png,family:Malpighiaceae;genus:Aspidopterys,False
S-43,1000000,varKode,7,datasets/varKodes/S-43@00001000K+k7.png,family:Malpighiaceae;genus:Stigmaphyllon;species:S_ellipticum,False
2831,20000000,varKode,7,datasets/varKodes/2831@00020000K+k7.png,family:Malpighiaceae;genus:Bunchosia,False
S-61,100000000,varKode,7,datasets/varKodes/S-61@00100000K+k7.png,family:Malpighiaceae;genus:Stigmaphyllon;species:S_puberum,False
3338,10000000,varKode,7,datasets/varKodes/3338@00010000K+k7.png,family:Malpighiaceae;genus:Amorimia,False
C-181,20000000,varKode,7,datasets/varKodes/C-181@00020000K+k7.png,family:Chrysobalanaceae;genus:Licania,False
3423,1000000,varKode,7,datasets/varKodes/3423@00001000K+k7.png,family:Malpighiaceae;genus:Tetrapterys,False
C-69,20000000,varKode,7,datasets/varKodes/C-69@00020000K+k7.png,family:Chrysobalanaceae;genus:Couepia,False
1770,100000000,varKode,7,datasets/varKodes/1770@00100000K+k7.png,family:Malpighiaceae;genus:Bunchosia,False
S-32,200000000,varKode,7,datasets/varKodes/S-32@00200000K+k7.png,family:Malpighiaceae;genus:Stigmaphyllon;species:S_bonariense,False
3595,20000000,varKode,7,datasets/varKodes/3595@00020000K+k7.png,family:Malpighiaceae;genus:Christianella,False
S-99,20000000,varKode,7,datasets/varKodes/S-99@00020000K+k7.png,family:Malpighiaceae;genus:Stigmaphyllon;species:S_bannisterioides,False
C-21,1000000,varKode,7,datasets/varKodes/C-21@00001000K+k7.png,family:Chrysobalanaceae;genus:Exellodendron,False
S-29,5000000,varKode,7,datasets/varKodes/S-29@00005000K+k7.png,family:Malpighiaceae;genus:Stigmaphyllon;species:S_jatrophifolium,False
2798,1000000,varKode,7,datasets/varKodes/2798@00001000K+k7.png,family:Malpighiaceae;genus:Blepharandra,False
C-414,100000000,varKode,7,datasets/varKodes/C-414@00100000K+k7.png,family:Chrysobalanaceae;genus:Licania,False
3386,5000000,varKode,7,datasets/varKodes/3386@00005000K+k7.png,family:Malpighiaceae;genus:Malpighia,False
S-32,5000000,varKode,7,datasets/varKodes/S-32@00005000K+k7.png,family:Malpighiaceae;genus:Stigmaphyllon;species:S_bonariense,False
S-45,10000000,varKode,7,datasets/varKodes/S-45@00010000K+k7.png,family:Malpighiaceae;genus:Stigmaphyllon;species:S_ellipticum,False
C-136,1000000,varKode,7,datasets/varKodes/C-136@00001000K+k7.png,family:Chrysobalanaceae;genus:Exellodendron,False
1936,1000000,varKode,7,datasets/varKodes/1936@00001000K+k7.png,family:Malpighiaceae;genus:Mascagnia,False
4004,5000000,varKode,7,datasets/varKodes/4004@00005000K+k7.png,family:Malpighiaceae;genus:Triaspis,False
2985,2000000,varKode,7,datasets/varKodes/2985@00002000K+k7.png,family:Malpighiaceae;genus:Heteropterys,False
S-38,2000000,varKode,7,datasets/varKodes/S-38@00002000K+k7.png,family:Malpighiaceae;genus:Stigmaphyllon;species:S_bonariense,False
S-54,200000000,varKode,7,datasets/varKodes/S-54@00200000K+k7.png,family:Malpighiaceae;genus:Stigmaphyllon;species:S_emarginatum,False
3122,50000000,varKode,7,datasets/varKodes/3122@00050000K+k7.png,family:Malpighiaceae;genus:Triaspis,False
1939,45346000,varKode,7,datasets/varKodes/1939@00045346K+k7.png,family:Malpighiaceae;genus:Diplopterys,False
1661,20000000,varKode,7,datasets/varKodes/1661@00020000K+k7.png,family:Malpighiaceae;genus:Microsteira,False
C-259,10000000,varKode,7,datasets/varKodes/C-259@00010000K+k7.png,family:Chrysobalanaceae;genus:Hirtella,False
S-28,100000000,varKode,7,datasets/varKodes/S-28@00100000K+k7.png,family:Malpighiaceae;genus:Stigmaphyllon;species:S_jatrophifolium,False
654,2000000,varKode,7,datasets/varKodes/654@00002000K+k7.png,family:Malpighiaceae;genus:Acmanthera,False
618,1000000,varKode,7,datasets/varKodes/618@00001000K+k7.png,family:Malpighiaceae;genus:Aspicarpa,False
S-52,20000000,varKode,7,datasets/varKodes/S-52@00020000K+k7.png,family:Malpighiaceae;genus:Stigmaphyllon;species:S_emarginatum,False
1661,101778000,varKode,7,datasets/varKodes/1661@00101778K+k7.png,family:Malpighiaceae;genus:Microsteira,False
644,20000000,varKode,7,datasets/varKodes/644@00020000K+k7.png,family:Malpighiaceae;genus:Carolus,False
S-25,5000000,varKode,7,datasets/varKodes/S-25@00005000K+k7.png,family:Malpighiaceae;genus:Stigmaphyllon;species:S_jatrophifolium,False
S-2,100000000,varKode,7,datasets/varKodes/S-2@00100000K+k7.png,family:Malpighiaceae;genus:Stigmaphyllon;species:S_paralias,False
1538,500000,varKode,7,datasets/varKodes/1538@00000500K+k7.png,family:Malpighiaceae;genus:Carolus,False
3545,200000000,varKode,7,datasets/varKodes/3545@00200000K+k7.png,family:Malpighiaceae;genus:Burdachia,False
3211,1000000,varKode,7,datasets/varKodes/3211@00001000K+k7.png,family:Malpighiaceae;genus:Acridocarpus,False
1699,45674000,varKode,7,datasets/varKodes/1699@00045674K+k7.png,family:Malpighiaceae;genus:Callaeum,False
S-7,1000000,varKode,7,datasets/varKodes/S-7@00001000K+k7.png,family:Malpighiaceae;genus:Stigmaphyllon;species:S_paralias,False
C-40,1000000,varKode,7,datasets/varKodes/C-40@00001000K+k7.png,family:Chrysobalanaceae;genus:Hirtella,False
3375,28524000,varKode,7,datasets/varKodes/3375@00028524K+k7.png,family:Malpighiaceae;genus:Hiptage,False
3013,1000000,varKode,7,datasets/varKodes/3013@00001000K+k7.png,family:Malpighiaceae;genus:Banisteriopsis,False
S-24,100000000,varKode,7,datasets/varKodes/S-24@00100000K+k7.png,family:Malpighiaceae;genus:Stigmaphyllon;species:S_jatrophifolium,False
706,50000000,varKode,7,datasets/varKodes/706@00050000K+k7.png,family:Malpighiaceae;genus:Cottsia,False
S-43,500000,varKode,7,datasets/varKodes/S-43@00000500K+k7.png,family:Malpighiaceae;genus:Stigmaphyllon;species:S_ellipticum,False
S-66,100000000,varKode,7,datasets/varKodes/S-66@00100000K+k7.png,family:Malpighiaceae;genus:Stigmaphyllon;species:S_puberum,False
C-263,20000000,varKode,7,datasets/varKodes/C-263@00020000K+k7.png,family:Chrysobalanaceae;genus:Acioa,False
3357,5000000,varKode,7,datasets/varKodes/3357@00005000K+k7.png,family:Malpighiaceae;genus:Diacidia,False
2647,20000000,varKode,7,datasets/varKodes/2647@00020000K+k7.png,family:Malpighiaceae;genus:Galphimia,False
1543,20000000,varKode,7,datasets/varKodes/1543@00020000K+k7.png,family:Malpighiaceae;genus:Carolus,False
S-72,200000000,varKode,7,datasets/varKodes/S-72@00200000K+k7.png,family:Malpighiaceae;genus:Stigmaphyllon;species:S_lindenianum,False
S-35,10000000,varKode,7,datasets/varKodes/S-35@00010000K+k7.png,family:Malpighiaceae;genus:Stigmaphyllon;species:S_bonariense,False
S-41,50000000,varKode,7,datasets/varKodes/S-41@00050000K+k7.png,family:Malpighiaceae;genus:Stigmaphyllon;species:S_ellipticum,False
C-265,50000000,varKode,7,datasets/varKodes/C-265@00050000K+k7.png,family:Chrysobalanaceae;genus:Acioa,False
S-19,20000000,varKode,7,datasets/varKodes/S-19@00020000K+k7.png,family:Malpighiaceae;genus:Stigmaphyllon;species:S_ciliatum,False
1739,50000000,varKode,7,datasets/varKodes/1739@00050000K+k7.png,family:Malpighiaceae;genus:Thryallis,False
C-259,100000000,varKode,7,datasets/varKodes/C-259@00100000K+k7.png,family:Chrysobalanaceae;genus:Hirtella,False
S-35,20000000,varKode,7,datasets/varKodes/S-35@00020000K+k7.png,family:Malpighiaceae;genus:Stigmaphyllon;species:S_bonariense,False
S-84,100000000,varKode,7,datasets/varKodes/S-84@00100000K+k7.png,family:Malpighiaceae;genus:Stigmaphyllon;species:S_bogotense,False
944,500000,varKode,7,datasets/varKodes/944@00000500K+k7.png,family:Malpighiaceae;genus:Tetrapterys,False
845,500000,varKode,7,datasets/varKodes/845@00000500K+k7.png,family:Malpighiaceae;genus:Heteropterys,False
3121,1000000,varKode,7,datasets/varKodes/3121@00001000K+k7.png,family:Malpighiaceae;genus:Tristellateia,False
S-38,50000000,varKode,7,datasets/varKodes/S-38@00050000K+k7.png,family:Malpighiaceae;genus:Stigmaphyllon;species:S_bonariense,False
S-7,5000000,varKode,7,datasets/varKodes/S-7@00005000K+k7.png,family:Malpighiaceae;genus:Stigmaphyllon;species:S_paralias,False
3680,5000000,varKode,7,datasets/varKodes/3680@00005000K+k7.png,family:Malpighiaceae;genus:Tristellateia,False
C-393,50000000,varKode,7,datasets/varKodes/C-393@00050000K+k7.png,family:Chrysobalanaceae;genus:Gaulettia,False
S-21,1000000,varKode,7,datasets/varKodes/S-21@00001000K+k7.png,family:Malpighiaceae;genus:Stigmaphyllon;species:S_jatrophifolium,False
S-37,500000,varKode,7,datasets/varKodes/S-37@00000500K+k7.png,family:Malpighiaceae;genus:Stigmaphyllon;species:S_bonariense,False
2657,5000000,varKode,7,datasets/varKodes/2657@00005000K+k7.png,family:Malpighiaceae;genus:Hiptage,False
1534,500000,varKode,7,datasets/varKodes/1534@00000500K+k7.png,family:Malpighiaceae;genus:Amorimia,False
3235,20000000,varKode,7,datasets/varKodes/3235@00020000K+k7.png,family:Malpighiaceae;genus:Bunchosia,False
S-42,10000000,varKode,7,datasets/varKodes/S-42@00010000K+k7.png,family:Malpighiaceae;genus:Stigmaphyllon;species:S_ellipticum,False
C-64,10000000,varKode,7,datasets/varKodes/C-64@00010000K+k7.png,family:Chrysobalanaceae;genus:Acioa,False
C-387,200000000,varKode,7,datasets/varKodes/C-387@00200000K+k7.png,family:Chrysobalanaceae;genus:Dactyladenia,False
944,50000000,varKode,7,datasets/varKodes/944@00050000K+k7.png,family:Malpighiaceae;genus:Tetrapterys,False
S-79,5000000,varKode,7,datasets/varKodes/S-79@00005000K+k7.png,family:Malpighiaceae;genus:Stigmaphyllon;species:S_lindenianum,False
S-6,10000000,varKode,7,datasets/varKodes/S-6@00010000K+k7.png,family:Malpighiaceae;genus:Stigmaphyllon;species:S_paralias,False
S-59,10000000,varKode,7,datasets/varKodes/S-59@00010000K+k7.png,family:Malpighiaceae;genus:Stigmaphyllon;species:S_emarginatum,False
S-18,37407000,varKode,7,datasets/varKodes/S-18@00037407K+k7.png,family:Malpighiaceae;genus:Stigmaphyllon;species:S_ciliatum,False
3121,70617000,varKode,7,datasets/varKodes/3121@00070617K+k7.png,family:Malpighiaceae;genus:Tristellateia,False
1702,1000000,varKode,7,datasets/varKodes/1702@00001000K+k7.png,family:Malpighiaceae;genus:Callaeum,False
3279,100000000,varKode,7,datasets/varKodes/3279@00100000K+k7.png,family:Malpighiaceae;genus:Heteropterys,False
654,10000000,varKode,7,datasets/varKodes/654@00010000K+k7.png,family:Malpighiaceae;genus:Acmanthera,False
S-50,2000000,varKode,7,datasets/varKodes/S-50@00002000K+k7.png,family:Malpighiaceae;genus:Stigmaphyllon;species:S_ellipticum,False
C-136,5000000,varKode,7,datasets/varKodes/C-136@00005000K+k7.png,family:Chrysobalanaceae;genus:Exellodendron,False
S-79,500000,varKode,7,datasets/varKodes/S-79@00000500K+k7.png,family:Malpighiaceae;genus:Stigmaphyllon;species:S_lindenianum,False
1699,2000000,varKode,7,datasets/varKodes/1699@00002000K+k7.png,family:Malpighiaceae;genus:Callaeum,False
S-24,2000000,varKode,7,datasets/varKodes/S-24@00002000K+k7.png,family:Malpighiaceae;genus:Stigmaphyllon;species:S_jatrophifolium,False
S-91,20000000,varKode,7,datasets/varKodes/S-91@00020000K+k7.png,family:Malpighiaceae;genus:Stigmaphyllon;species:S_bannisterioides,False
C-21,200000000,varKode,7,datasets/varKodes/C-21@00200000K+k7.png,family:Chrysobalanaceae;genus:Exellodendron,False
1556,10000000,varKode,7,datasets/varKodes/1556@00010000K+k7.png,family:Malpighiaceae;genus:Malpighia,False
1582,40254000,varKode,7,datasets/varKodes/1582@00040254K+k7.png,family:Malpighiaceae;genus:Galphimia,False
1915,50000000,varKode,7,datasets/varKodes/1915@00050000K+k7.png,family:Malpighiaceae;genus:Mascagnia,False
1382,500000,varKode,7,datasets/varKodes/1382@00000500K+k7.png,family:Malpighiaceae;genus:Microsteira,False
S-23,20000000,varKode,7,datasets/varKodes/S-23@00020000K+k7.png,family:Malpighiaceae;genus:Stigmaphyllon;species:S_jatrophifolium,False
S-80,5000000,varKode,7,datasets/varKodes/S-80@00005000K+k7.png,family:Malpighiaceae;genus:Stigmaphyllon;species:S_lindenianum,False
S-53,10000000,varKode,7,datasets/varKodes/S-53@00010000K+k7.png,family:Malpighiaceae;genus:Stigmaphyllon;species:S_emarginatum,False
S-98,100000000,varKode,7,datasets/varKodes/S-98@00100000K+k7.png,family:Malpighiaceae;genus:Stigmaphyllon;species:S_bannisterioides,False
2942,10000000,varKode,7,datasets/varKodes/2942@00010000K+k7.png,family:Malpighiaceae;genus:Tetrapterys,False
618,500000,varKode,7,datasets/varKodes/618@00000500K+k7.png,family:Malpighiaceae;genus:Aspicarpa,False
S-76,1000000,varKode,7,datasets/varKodes/S-76@00001000K+k7.png,family:Malpighiaceae;genus:Stigmaphyllon;species:S_lindenianum,False
S-31,1000000,varKode,7,datasets/varKodes/S-31@00001000K+k7.png,family:Malpighiaceae;genus:Stigmaphyllon;species:S_bonariense,False
1677,500000,varKode,7,datasets/varKodes/1677@00000500K+k7.png,family:Malpighiaceae;genus:Aspicarpa,False
3935,100000000,varKode,7,datasets/varKodes/3935@00100000K+k7.png,family:Malpighiaceae;genus:Bunchosia,False
1543,500000,varKode,7,datasets/varKodes/1543@00000500K+k7.png,family:Malpighiaceae;genus:Carolus,False
S-52,500000,varKode,7,datasets/varKodes/S-52@00000500K+k7.png,family:Malpighiaceae;genus:Stigmaphyllon;species:S_emarginatum,False
S-72,50000000,varKode,7,datasets/varKodes/S-72@00050000K+k7.png,family:Malpighiaceae;genus:Stigmaphyllon;species:S_lindenianum,False
S-34,100000000,varKode,7,datasets/varKodes/S-34@00100000K+k7.png,family:Malpighiaceae;genus:Stigmaphyllon;species:S_bonariense,True
S-15,2000000,varKode,7,datasets/varKodes/S-15@00002000K+k7.png,family:Malpighiaceae;genus:Stigmaphyllon;species:S_ciliatum,False
S-79,1000000,varKode,7,datasets/varKodes/S-79@00001000K+k7.png,family:Malpighiaceae;genus:Stigmaphyllon;species:S_lindenianum,False
3384,95365000,varKode,7,datasets/varKodes/3384@00095365K+k7.png,family:Malpighiaceae;genus:Malpighia,False
3518,5000000,varKode,7,datasets/varKodes/3518@00005000K+k7.png,family:Malpighiaceae;genus:Amorimia,False
S-3,10000000,varKode,7,datasets/varKodes/S-3@00010000K+k7.png,family:Malpighiaceae;genus:Stigmaphyllon;species:S_paralias,False
C-259,5000000,varKode,7,datasets/varKodes/C-259@00005000K+k7.png,family:Chrysobalanaceae;genus:Hirtella,False
S-58,2000000,varKode,7,datasets/varKodes/S-58@00002000K+k7.png,family:Malpighiaceae;genus:Stigmaphyllon;species:S_emarginatum,False
S-38,100000000,varKode,7,datasets/varKodes/S-38@00100000K+k7.png,family:Malpighiaceae;genus:Stigmaphyllon;species:S_bonariense,False
S-85,100000000,varKode,7,datasets/varKodes/S-85@00100000K+k7.png,family:Malpighiaceae;genus:Stigmaphyllon;species:S_bogotense,False
C-263,500000,varKode,7,datasets/varKodes/C-263@00000500K+k7.png,family:Chrysobalanaceae;genus:Acioa,False
C-86,5000000,varKode,7,datasets/varKodes/C-86@00005000K+k7.png,family:Chrysobalanaceae;genus:Couepia,False
S-17,100000000,varKode,7,datasets/varKodes/S-17@00100000K+k7.png,family:Malpighiaceae;genus:Stigmaphyllon;species:S_ciliatum,False
2311,161723000,varKode,7,datasets/varKodes/2311@00161723K+k7.png,family:Elatinaceae;genus:Elatine,False
2168,10000000,varKode,7,datasets/varKodes/2168@00010000K+k7.png,family:Malpighiaceae;genus:Bunchosia,False
S-75,10000000,varKode,7,datasets/varKodes/S-75@00010000K+k7.png,family:Malpighiaceae;genus:Stigmaphyllon;species:S_lindenianum,False
3935,5000000,varKode,7,datasets/varKodes/3935@00005000K+k7.png,family:Malpighiaceae;genus:Bunchosia,False
S-99,500000,varKode,7,datasets/varKodes/S-99@00000500K+k7.png,family:Malpighiaceae;genus:Stigmaphyllon;species:S_bannisterioides,False
C-21,2000000,varKode,7,datasets/varKodes/C-21@00002000K+k7.png,family:Chrysobalanaceae;genus:Exellodendron,False
S-94,200000000,varKode,7,datasets/varKodes/S-94@00200000K+k7.png,family:Malpighiaceae;genus:Stigmaphyllon;species:S_bannisterioides,False
2100,5000000,varKode,7,datasets/varKodes/2100@00005000K+k7.png,family:Malpighiaceae;genus:Callaeum,False
S-34,5000000,varKode,7,datasets/varKodes/S-34@00005000K+k7.png,family:Malpighiaceae;genus:Stigmaphyllon;species:S_bonariense,True
3606,2000000,varKode,7,datasets/varKodes/3606@00002000K+k7.png,family:Malpighiaceae;genus:Diplopterys,False
C-130,10000000,varKode,7,datasets/varKodes/C-130@00010000K+k7.png,family:Chrysobalanaceae;genus:Licania,False
S-53,50000000,varKode,7,datasets/varKodes/S-53@00050000K+k7.png,family:Malpighiaceae;genus:Stigmaphyllon;species:S_emarginatum,False
174,50000000,varKode,7,datasets/varKodes/174@00050000K+k7.png,family:Malpighiaceae;genus:Triaspis,False
3279,5000000,varKode,7,datasets/varKodes/3279@00005000K+k7.png,family:Malpighiaceae;genus:Heteropterys,False
1556,1000000,varKode,7,datasets/varKodes/1556@00001000K+k7.png,family:Malpighiaceae;genus:Malpighia,False
C-414,500000,varKode,7,datasets/varKodes/C-414@00000500K+k7.png,family:Chrysobalanaceae;genus:Licania,False
2700,50000000,varKode,7,datasets/varKodes/2700@00050000K+k7.png,family:Malpighiaceae;genus:Byrsonima,False
S-27,50000000,varKode,7,datasets/varKodes/S-27@00050000K+k7.png,family:Malpighiaceae;genus:Stigmaphyllon;species:S_jatrophifolium,False
1386,2000000,varKode,7,datasets/varKodes/1386@00002000K+k7.png,family:Malpighiaceae;genus:Microsteira,False
1285,5000000,varKode,7,datasets/varKodes/1285@00005000K+k7.png,family:Malpighiaceae;genus:Aspidopterys,False
3384,1000000,varKode,7,datasets/varKodes/3384@00001000K+k7.png,family:Malpighiaceae;genus:Malpighia,False
2711,1000000,varKode,7,datasets/varKodes/2711@00001000K+k7.png,family:Malpighiaceae;genus:Byrsonima,False
S-25,200000000,varKode,7,datasets/varKodes/S-25@00200000K+k7.png,family:Malpighiaceae;genus:Stigmaphyllon;species:S_jatrophifolium,False
S-51,5000000,varKode,7,datasets/varKodes/S-51@00005000K+k7.png,family:Malpighiaceae;genus:Stigmaphyllon;species:S_emarginatum,False
S-65,500000,varKode,7,datasets/varKodes/S-65@00000500K+k7.png,family:Malpighiaceae;genus:Stigmaphyllon;species:S_puberum,False
3935,145179000,varKode,7,datasets/varKodes/3935@00145179K+k7.png,family:Malpighiaceae;genus:Bunchosia,False
1702,2000000,varKode,7,datasets/varKodes/1702@00002000K+k7.png,family:Malpighiaceae;genus:Callaeum,False
3606,20000000,varKode,7,datasets/varKodes/3606@00020000K+k7.png,family:Malpighiaceae;genus:Diplopterys,False
533,10000000,varKode,7,datasets/varKodes/533@00010000K+k7.png,family:Malpighiaceae;genus:Heteropterys,False
S-16,2000000,varKode,7,datasets/varKodes/S-16@00002000K+k7.png,family:Malpighiaceae;genus:Stigmaphyllon;species:S_ciliatum,False
644,500000,varKode,7,datasets/varKodes/644@00000500K+k7.png,family:Malpighiaceae;genus:Carolus,False
821,20000000,varKode,7,datasets/varKodes/821@00020000K+k7.png,family:Malpighiaceae;genus:Mascagnia,False
C-280,5000000,varKode,7,datasets/varKodes/C-280@00005000K+k7.png,family:Chrysobalanaceae;genus:Couepia,False
C-500,1000000,varKode,7,datasets/varKodes/C-500@00001000K+k7.png,family:Chrysobalanaceae;genus:Dactyladenia,False
1386,10000000,varKode,7,datasets/varKodes/1386@00010000K+k7.png,family:Malpighiaceae;genus:Microsteira,False
3640,5000000,varKode,7,datasets/varKodes/3640@00005000K+k7.png,family:Malpighiaceae;genus:Malpighiodes,False
S-91,5000000,varKode,7,datasets/varKodes/S-91@00005000K+k7.png,family:Malpighiaceae;genus:Stigmaphyllon;species:S_bannisterioides,False
3301,100000000,varKode,7,datasets/varKodes/3301@00100000K+k7.png,family:Malpighiaceae;genus:Heteropterys,False
1874,20000000,varKode,7,datasets/varKodes/1874@00020000K+k7.png,family:Malpighiaceae;genus:Banisteriopsis,False
1946,5000000,varKode,7,datasets/varKodes/1946@00005000K+k7.png,family:Malpighiaceae;genus:Banisteriopsis,False
1182,50000000,varKode,7,datasets/varKodes/1182@00050000K+k7.png,family:Malpighiaceae;genus:Tristellateia,False
3341,500000,varKode,7,datasets/varKodes/3341@00000500K+k7.png,family:Malpighiaceae;genus:Aspidopterys,False
S-67,50000000,varKode,7,datasets/varKodes/S-67@00050000K+k7.png,family:Malpighiaceae;genus:Stigmaphyllon;species:S_puberum,False
S-89,2000000,varKode,7,datasets/varKodes/S-89@00002000K+k7.png,family:Malpighiaceae;genus:Stigmaphyllon;species:S_bogotense,False
C-280,10000000,varKode,7,datasets/varKodes/C-280@00010000K+k7.png,family:Chrysobalanaceae;genus:Couepia,False
S-45,50000000,varKode,7,datasets/varKodes/S-45@00050000K+k7.png,family:Malpighiaceae;genus:Stigmaphyllon;species:S_ellipticum,False
S-69,10000000,varKode,7,datasets/varKodes/S-69@00010000K+k7.png,family:Malpighiaceae;genus:Stigmaphyllon;species:S_puberum,False
S-15,50000000,varKode,7,datasets/varKodes/S-15@00050000K+k7.png,family:Malpighiaceae;genus:Stigmaphyllon;species:S_ciliatum,False
1590,500000,varKode,7,datasets/varKodes/1590@00000500K+k7.png,family:Malpighiaceae;genus:Carolus,False
2693,177483000,varKode,7,datasets/varKodes/2693@00177483K+k7.png,family:Malpighiaceae;genus:Byrsonima,False
2942,2000000,varKode,7,datasets/varKodes/2942@00002000K+k7.png,family:Malpighiaceae;genus:Tetrapterys,False
S-70,200000000,varKode,7,datasets/varKodes/S-70@00200000K+k7.png,family:Malpighiaceae;genus:Stigmaphyllon;species:S_puberum,False
S-42,1000000,varKode,7,datasets/varKodes/S-42@00001000K+k7.png,family:Malpighiaceae;genus:Stigmaphyllon;species:S_ellipticum,False
1717,2000000,varKode,7,datasets/varKodes/1717@00002000K+k7.png,family:Malpighiaceae;genus:Galphimia,False
1503,20000000,varKode,7,datasets/varKodes/1503@00020000K+k7.png,family:Malpighiaceae;genus:Hiptage,False
3679,79716000,varKode,7,datasets/varKodes/3679@00079716K+k7.png,family:Malpighiaceae;genus:Tristellateia,False
S-40,1000000,varKode,7,datasets/varKodes/S-40@00001000K+k7.png,family:Malpighiaceae;genus:Stigmaphyllon;species:S_bonariense,False
1324,20000000,varKode,7,datasets/varKodes/1324@00020000K+k7.png,family:Malpighiaceae;genus:Microsteira,False
2100,2000000,varKode,7,datasets/varKodes/2100@00002000K+k7.png,family:Malpighiaceae;genus:Callaeum,False
C-32,200000000,varKode,7,datasets/varKodes/C-32@00200000K+k7.png,family:Chrysobalanaceae;genus:Hirtella,False
1540,1000000,varKode,7,datasets/varKodes/1540@00001000K+k7.png,family:Malpighiaceae;genus:Carolus,False
S-55,1000000,varKode,7,datasets/varKodes/S-55@00001000K+k7.png,family:Malpighiaceae;genus:Stigmaphyllon;species:S_emarginatum,False
S-1,500000,varKode,7,datasets/varKodes/S-1@00000500K+k7.png,family:Malpighiaceae;genus:Stigmaphyllon;species:S_paralias,False
2794,500000,varKode,7,datasets/varKodes/2794@00000500K+k7.png,family:Malpighiaceae;genus:Byrsonima,False
C-136,10000000,varKode,7,datasets/varKodes/C-136@00010000K+k7.png,family:Chrysobalanaceae;genus:Exellodendron,False
3527,1000000,varKode,7,datasets/varKodes/3527@00001000K+k7.png,family:Malpighiaceae;genus:Banisteriopsis,False
2065,2000000,varKode,7,datasets/varKodes/2065@00002000K+k7.png,family:Malpighiaceae;genus:Mascagnia,False
C-64,5000000,varKode,7,datasets/varKodes/C-64@00005000K+k7.png,family:Chrysobalanaceae;genus:Acioa,False
C-64,200000000,varKode,7,datasets/varKodes/C-64@00200000K+k7.png,family:Chrysobalanaceae;genus:Acioa,False
1582,2000000,varKode,7,datasets/varKodes/1582@00002000K+k7.png,family:Malpighiaceae;genus:Galphimia,False
C-69,500000,varKode,7,datasets/varKodes/C-69@00000500K+k7.png,family:Chrysobalanaceae;genus:Couepia,False
S-34,10000000,varKode,7,datasets/varKodes/S-34@00010000K+k7.png,family:Malpighiaceae;genus:Stigmaphyllon;species:S_bonariense,True
1716,50000000,varKode,7,datasets/varKodes/1716@00050000K+k7.png,family:Malpighiaceae;genus:Dicella,False
S-87,20000000,varKode,7,datasets/varKodes/S-87@00020000K+k7.png,family:Malpighiaceae;genus:Stigmaphyllon;species:S_bogotense,False
S-17,500000,varKode,7,datasets/varKodes/S-17@00000500K+k7.png,family:Malpighiaceae;genus:Stigmaphyllon;species:S_ciliatum,False
C-500,500000,varKode,7,datasets/varKodes/C-500@00000500K+k7.png,family:Chrysobalanaceae;genus:Dactyladenia,False
533,50000000,varKode,7,datasets/varKodes/533@00050000K+k7.png,family:Malpighiaceae;genus:Heteropterys,False
1774,73102000,varKode,7,datasets/varKodes/1774@00073102K+k7.png,family:Malpighiaceae;genus:Bunchosia,False
S-34,50000000,varKode,7,datasets/varKodes/S-34@00050000K+k7.png,family:Malpighiaceae;genus:Stigmaphyllon;species:S_bonariense,True
S-30,200000000,varKode,7,datasets/varKodes/S-30@00200000K+k7.png,family:Malpighiaceae;genus:Stigmaphyllon;species:S_jatrophifolium,False
1165,10000000,varKode,7,datasets/varKodes/1165@00010000K+k7.png,family:Malpighiaceae;genus:Dicella,False
2711,10000000,varKode,7,datasets/varKodes/2711@00010000K+k7.png,family:Malpighiaceae;genus:Byrsonima,False
2764,1000000,varKode,7,datasets/varKodes/2764@00001000K+k7.png,family:Malpighiaceae;genus:Byrsonima,False
S-90,2000000,varKode,7,datasets/varKodes/S-90@00002000K+k7.png,family:Malpighiaceae;genus:Stigmaphyllon;species:S_bogotense,False
1610,5000000,varKode,7,datasets/varKodes/1610@00005000K+k7.png,family:Malpighiaceae;genus:Malpighiodes,False
C-251,10000000,varKode,7,datasets/varKodes/C-251@00010000K+k7.png,family:Chrysobalanaceae;genus:Hirtella,False
S-47,20000000,varKode,7,datasets/varKodes/S-47@00020000K+k7.png,family:Malpighiaceae;genus:Stigmaphyllon;species:S_ellipticum,False
C-365,20000000,varKode,7,datasets/varKodes/C-365@00020000K+k7.png,family:Chrysobalanaceae;genus:Gaulettia,False
C-64,100000000,varKode,7,datasets/varKodes/C-64@00100000K+k7.png,family:Chrysobalanaceae;genus:Acioa,False
1538,19195000,varKode,7,datasets/varKodes/1538@00019195K+k7.png,family:Malpighiaceae;genus:Carolus,False
706,500000,varKode,7,datasets/varKodes/706@00000500K+k7.png,family:Malpighiaceae;genus:Cottsia,False
S-55,10000000,varKode,7,datasets/varKodes/S-55@00010000K+k7.png,family:Malpighiaceae;genus:Stigmaphyllon;species:S_emarginatum,False
S-81,500000,varKode,7,datasets/varKodes/S-81@00000500K+k7.png,family:Malpighiaceae;genus:Stigmaphyllon;species:S_bogotense,False
C-342,50000000,varKode,7,datasets/varKodes/C-342@00050000K+k7.png,family:Chrysobalanaceae;genus:Exellodendron,False
1502,100000000,varKode,7,datasets/varKodes/1502@00100000K+k7.png,family:Malpighiaceae;genus:Tristellateia,False
1525,50000000,varKode,7,datasets/varKodes/1525@00050000K+k7.png,family:Malpighiaceae;genus:Christianella,False
S-88,2000000,varKode,7,datasets/varKodes/S-88@00002000K+k7.png,family:Malpighiaceae;genus:Stigmaphyllon;species:S_bogotense,False
C-127,100000000,varKode,7,datasets/varKodes/C-127@00100000K+k7.png,family:Chrysobalanaceae;genus:Parinari,False
S-49,1000000,varKode,7,datasets/varKodes/S-49@00001000K+k7.png,family:Malpighiaceae;genus:Stigmaphyllon;species:S_ellipticum,False
1285,2000000,varKode,7,datasets/varKodes/1285@00002000K+k7.png,family:Malpighiaceae;genus:Aspidopterys,False
1162,500000,varKode,7,datasets/varKodes/1162@00000500K+k7.png,family:Malpighiaceae;genus:Camarea,False
S-53,1000000,varKode,7,datasets/varKodes/S-53@00001000K+k7.png,family:Malpighiaceae;genus:Stigmaphyllon;species:S_emarginatum,False
2650,10000000,varKode,7,datasets/varKodes/2650@00010000K+k7.png,family:Malpighiaceae;genus:Acridocarpus,False
S-21,20000000,varKode,7,datasets/varKodes/S-21@00020000K+k7.png,family:Malpighiaceae;genus:Stigmaphyllon;species:S_jatrophifolium,False
C-21,5000000,varKode,7,datasets/varKodes/C-21@00005000K+k7.png,family:Chrysobalanaceae;genus:Exellodendron,False
S-87,2000000,varKode,7,datasets/varKodes/S-87@00002000K+k7.png,family:Malpighiaceae;genus:Stigmaphyllon;species:S_bogotense,False
S-76,100000000,varKode,7,datasets/varKodes/S-76@00100000K+k7.png,family:Malpighiaceae;genus:Stigmaphyllon;species:S_lindenianum,False
S-29,50000000,varKode,7,datasets/varKodes/S-29@00050000K+k7.png,family:Malpighiaceae;genus:Stigmaphyllon;species:S_jatrophifolium,False
3545,100000000,varKode,7,datasets/varKodes/3545@00100000K+k7.png,family:Malpighiaceae;genus:Burdachia,False
3729,50000000,varKode,7,datasets/varKodes/3729@00050000K+k7.png,family:Malpighiaceae;genus:Thryallis,False
2207,500000,varKode,7,datasets/varKodes/2207@00000500K+k7.png,family:Malpighiaceae;genus:Galphimia,False
706,10000000,varKode,7,datasets/varKodes/706@00010000K+k7.png,family:Malpighiaceae;genus:Cottsia,False
S-2,1000000,varKode,7,datasets/varKodes/S-2@00001000K+k7.png,family:Malpighiaceae;genus:Stigmaphyllon;species:S_paralias,False
C-86,2000000,varKode,7,datasets/varKodes/C-86@00002000K+k7.png,family:Chrysobalanaceae;genus:Couepia,False
1853,20000000,varKode,7,datasets/varKodes/1853@00020000K+k7.png,family:Malpighiaceae;genus:Bronwenia,False
760,10000000,varKode,7,datasets/varKodes/760@00010000K+k7.png,family:Malpighiaceae;genus:Hiptage,False
S-2,200000000,varKode,7,datasets/varKodes/S-2@00200000K+k7.png,family:Malpighiaceae;genus:Stigmaphyllon;species:S_paralias,False
3680,1000000,varKode,7,datasets/varKodes/3680@00001000K+k7.png,family:Malpighiaceae;genus:Tristellateia,False
3013,20000000,varKode,7,datasets/varKodes/3013@00020000K+k7.png,family:Malpighiaceae;genus:Banisteriopsis,False
1503,200000000,varKode,7,datasets/varKodes/1503@00200000K+k7.png,family:Malpighiaceae;genus:Hiptage,False
S-36,500000,varKode,7,datasets/varKodes/S-36@00000500K+k7.png,family:Malpighiaceae;genus:Stigmaphyllon;species:S_bonariense,False
679,10000000,varKode,7,datasets/varKodes/679@00010000K+k7.png,family:Malpighiaceae;genus:Bunchosia,False
S-78,2000000,varKode,7,datasets/varKodes/S-78@00002000K+k7.png,family:Malpighiaceae;genus:Stigmaphyllon;species:S_lindenianum,False
S-93,2000000,varKode,7,datasets/varKodes/S-93@00002000K+k7.png,family:Malpighiaceae;genus:Stigmaphyllon;species:S_bannisterioides,False
S-83,500000,varKode,7,datasets/varKodes/S-83@00000500K+k7.png,family:Malpighiaceae;genus:Stigmaphyllon;species:S_bogotense,False
1905,500000,varKode,7,datasets/varKodes/1905@00000500K+k7.png,family:Malpighiaceae;genus:Diplopterys,False
S-94,10000000,varKode,7,datasets/varKodes/S-94@00010000K+k7.png,family:Malpighiaceae;genus:Stigmaphyllon;species:S_bannisterioides,False
C-239,5000000,varKode,7,datasets/varKodes/C-239@00005000K+k7.png,family:Chrysobalanaceae;genus:Dactyladenia,False
S-33,10000000,varKode,7,datasets/varKodes/S-33@00010000K+k7.png,family:Malpighiaceae;genus:Stigmaphyllon;species:S_bonariense,False
S-43,100000000,varKode,7,datasets/varKodes/S-43@00100000K+k7.png,family:Malpighiaceae;genus:Stigmaphyllon;species:S_ellipticum,False
S-54,100000000,varKode,7,datasets/varKodes/S-54@00100000K+k7.png,family:Malpighiaceae;genus:Stigmaphyllon;species:S_emarginatum,False
1174,2000000,varKode,7,datasets/varKodes/1174@00002000K+k7.png,family:Malpighiaceae;genus:Triaspis,False
S-25,50000000,varKode,7,datasets/varKodes/S-25@00050000K+k7.png,family:Malpighiaceae;genus:Stigmaphyllon;species:S_jatrophifolium,False
S-30,5000000,varKode,7,datasets/varKodes/S-30@00005000K+k7.png,family:Malpighiaceae;genus:Stigmaphyllon;species:S_jatrophifolium,False
3013,55537000,varKode,7,datasets/varKodes/3013@00055537K+k7.png,family:Malpighiaceae;genus:Banisteriopsis,False
S-91,10000000,varKode,7,datasets/varKodes/S-91@00010000K+k7.png,family:Malpighiaceae;genus:Stigmaphyllon;species:S_bannisterioides,False
S-83,200000000,varKode,7,datasets/varKodes/S-83@00200000K+k7.png,family:Malpighiaceae;genus:Stigmaphyllon;species:S_bogotense,False
S-17,5000000,varKode,7,datasets/varKodes/S-17@00005000K+k7.png,family:Malpighiaceae;genus:Stigmaphyllon;species:S_ciliatum,False
2907,20000000,varKode,7,datasets/varKodes/2907@00020000K+k7.png,family:Elatinaceae;genus:Elatine,False
1556,60719000,varKode,7,datasets/varKodes/1556@00060719K+k7.png,family:Malpighiaceae;genus:Malpighia,False
S-50,50000000,varKode,7,datasets/varKodes/S-50@00050000K+k7.png,family:Malpighiaceae;genus:Stigmaphyllon;species:S_ellipticum,False
3676,100000000,varKode,7,datasets/varKodes/3676@00100000K+k7.png,family:Malpighiaceae;genus:Tetrapterys,False
S-89,10000000,varKode,7,datasets/varKodes/S-89@00010000K+k7.png,family:Malpighiaceae;genus:Stigmaphyllon;species:S_bogotense,False
2657,40842000,varKode,7,datasets/varKodes/2657@00040842K+k7.png,family:Malpighiaceae;genus:Hiptage,False
C-342,100000000,varKode,7,datasets/varKodes/C-342@00100000K+k7.png,family:Chrysobalanaceae;genus:Exellodendron,False
C-127,500000,varKode,7,datasets/varKodes/C-127@00000500K+k7.png,family:Chrysobalanaceae;genus:Parinari,False
2647,2000000,varKode,7,datasets/varKodes/2647@00002000K+k7.png,family:Malpighiaceae;genus:Galphimia,False
3349,50000000,varKode,7,datasets/varKodes/3349@00050000K+k7.png,family:Malpighiaceae;genus:Burdachia,False
655,5000000,varKode,7,datasets/varKodes/655@00005000K+k7.png,family:Malpighiaceae;genus:Burdachia,False
C-40,100000000,varKode,7,datasets/varKodes/C-40@00100000K+k7.png,family:Chrysobalanaceae;genus:Hirtella,False
1905,2000000,varKode,7,datasets/varKodes/1905@00002000K+k7.png,family:Malpighiaceae;genus:Diplopterys,False
S-81,20000000,varKode,7,datasets/varKodes/S-81@00020000K+k7.png,family:Malpighiaceae;genus:Stigmaphyllon;species:S_bogotense,False
S-64,2000000,varKode,7,datasets/varKodes/S-64@00002000K+k7.png,family:Malpighiaceae;genus:Stigmaphyllon;species:S_puberum,False
3448,10000000,varKode,7,datasets/varKodes/3448@00010000K+k7.png,family:Malpighiaceae;genus:Acmanthera,False
C-263,10000000,varKode,7,datasets/varKodes/C-263@00010000K+k7.png,family:Chrysobalanaceae;genus:Acioa,False
C-313,20000000,varKode,7,datasets/varKodes/C-313@00020000K+k7.png,family:Chrysobalanaceae;genus:Couepia,False
S-42,2000000,varKode,7,datasets/varKodes/S-42@00002000K+k7.png,family:Malpighiaceae;genus:Stigmaphyllon;species:S_ellipticum,False
C-265,100000000,varKode,7,datasets/varKodes/C-265@00100000K+k7.png,family:Chrysobalanaceae;genus:Acioa,False
1678,500000,varKode,7,datasets/varKodes/1678@00000500K+k7.png,family:Malpighiaceae;genus:Aspicarpa,False
C-342,5000000,varKode,7,datasets/varKodes/C-342@00005000K+k7.png,family:Chrysobalanaceae;genus:Exellodendron,False
2764,200000000,varKode,7,datasets/varKodes/2764@00200000K+k7.png,family:Malpighiaceae;genus:Byrsonima,False
S-51,1000000,varKode,7,datasets/varKodes/S-51@00001000K+k7.png,family:Malpighiaceae;genus:Stigmaphyllon;species:S_emarginatum,False
S-26,50000000,varKode,7,datasets/varKodes/S-26@00050000K+k7.png,family:Malpighiaceae;genus:Stigmaphyllon;species:S_jatrophifolium,False
S-43,10000000,varKode,7,datasets/varKodes/S-43@00010000K+k7.png,family:Malpighiaceae;genus:Stigmaphyllon;species:S_ellipticum,False
1678,10000000,varKode,7,datasets/varKodes/1678@00010000K+k7.png,family:Malpighiaceae;genus:Aspicarpa,False
C-64,50000000,varKode,7,datasets/varKodes/C-64@00050000K+k7.png,family:Chrysobalanaceae;genus:Acioa,False
1874,5000000,varKode,7,datasets/varKodes/1874@00005000K+k7.png,family:Malpighiaceae;genus:Banisteriopsis,False
2798,50000000,varKode,7,datasets/varKodes/2798@00050000K+k7.png,family:Malpighiaceae;genus:Blepharandra,False
1679,500000,varKode,7,datasets/varKodes/1679@00000500K+k7.png,family:Malpighiaceae;genus:Callaeum,False
3279,50000000,varKode,7,datasets/varKodes/3279@00050000K+k7.png,family:Malpighiaceae;genus:Heteropterys,False
S-75,20000000,varKode,7,datasets/varKodes/S-75@00020000K+k7.png,family:Malpighiaceae;genus:Stigmaphyllon;species:S_lindenianum,False
3279,10000000,varKode,7,datasets/varKodes/3279@00010000K+k7.png,family:Malpighiaceae;genus:Heteropterys,False
1740,10000000,varKode,7,datasets/varKodes/1740@00010000K+k7.png,family:Malpighiaceae;genus:Thryallis,False
1702,500000,varKode,7,datasets/varKodes/1702@00000500K+k7.png,family:Malpighiaceae;genus:Callaeum,False
S-73,50000000,varKode,7,datasets/varKodes/S-73@00050000K+k7.png,family:Malpighiaceae;genus:Stigmaphyllon;species:S_lindenianum,False
S-13,200000000,varKode,7,datasets/varKodes/S-13@00200000K+k7.png,family:Malpighiaceae;genus:Stigmaphyllon;species:S_ciliatum,False
2279,2000000,varKode,7,datasets/varKodes/2279@00002000K+k7.png,family:Elatinaceae;genus:Elatine,False
3452,20000000,varKode,7,datasets/varKodes/3452@00020000K+k7.png,family:Malpighiaceae;genus:Diacidia,False
2906,10000000,varKode,7,datasets/varKodes/2906@00010000K+k7.png,family:Elatinaceae;genus:Elatine,False
533,108621000,varKode,7,datasets/varKodes/533@00108621K+k7.png,family:Malpighiaceae;genus:Heteropterys,False
S-15,20000000,varKode,7,datasets/varKodes/S-15@00020000K+k7.png,family:Malpighiaceae;genus:Stigmaphyllon;species:S_ciliatum,False
3640,2000000,varKode,7,datasets/varKodes/3640@00002000K+k7.png,family:Malpighiaceae;genus:Malpighiodes,False
2906,5000000,varKode,7,datasets/varKodes/2906@00005000K+k7.png,family:Elatinaceae;genus:Elatine,False
C-40,500000,varKode,7,datasets/varKodes/C-40@00000500K+k7.png,family:Chrysobalanaceae;genus:Hirtella,False
S-18,1000000,varKode,7,datasets/varKodes/S-18@00001000K+k7.png,family:Malpighiaceae;genus:Stigmaphyllon;species:S_ciliatum,False
3676,10000000,varKode,7,datasets/varKodes/3676@00010000K+k7.png,family:Malpighiaceae;genus:Tetrapterys,False
821,1000000,varKode,7,datasets/varKodes/821@00001000K+k7.png,family:Malpighiaceae;genus:Mascagnia,False
3679,10000000,varKode,7,datasets/varKodes/3679@00010000K+k7.png,family:Malpighiaceae;genus:Tristellateia,False
S-54,20000000,varKode,7,datasets/varKodes/S-54@00020000K+k7.png,family:Malpighiaceae;genus:Stigmaphyllon;species:S_emarginatum,False
S-92,500000,varKode,7,datasets/varKodes/S-92@00000500K+k7.png,family:Malpighiaceae;genus:Stigmaphyllon;species:S_bannisterioides,False
1939,2000000,varKode,7,datasets/varKodes/1939@00002000K+k7.png,family:Malpighiaceae;genus:Diplopterys,False
3448,93595000,varKode,7,datasets/varKodes/3448@00093595K+k7.png,family:Malpighiaceae;genus:Acmanthera,False
S-68,200000000,varKode,7,datasets/varKodes/S-68@00200000K+k7.png,family:Malpighiaceae;genus:Stigmaphyllon;species:S_puberum,False
2657,1000000,varKode,7,datasets/varKodes/2657@00001000K+k7.png,family:Malpighiaceae;genus:Hiptage,False
1382,2000000,varKode,7,datasets/varKodes/1382@00002000K+k7.png,family:Malpighiaceae;genus:Microsteira,False
1944,37004000,varKode,7,datasets/varKodes/1944@00037004K+k7.png,family:Malpighiaceae;genus:Bronwenia,False
1386,1000000,varKode,7,datasets/varKodes/1386@00001000K+k7.png,family:Malpighiaceae;genus:Microsteira,False
174,58930000,varKode,7,datasets/varKodes/174@00058930K+k7.png,family:Malpighiaceae;genus:Triaspis,False
S-38,1000000,varKode,7,datasets/varKodes/S-38@00001000K+k7.png,family:Malpighiaceae;genus:Stigmaphyllon;species:S_bonariense,False
1679,10000000,varKode,7,datasets/varKodes/1679@00010000K+k7.png,family:Malpighiaceae;genus:Callaeum,False
3338,2000000,varKode,7,datasets/varKodes/3338@00002000K+k7.png,family:Malpighiaceae;genus:Amorimia,False
1915,1000000,varKode,7,datasets/varKodes/1915@00001000K+k7.png,family:Malpighiaceae;genus:Mascagnia,False
3013,10000000,varKode,7,datasets/varKodes/3013@00010000K+k7.png,family:Malpighiaceae;genus:Banisteriopsis,False
S-48,10000000,varKode,7,datasets/varKodes/S-48@00010000K+k7.png,family:Malpighiaceae;genus:Stigmaphyllon;species:S_ellipticum,False
2794,50000000,varKode,7,datasets/varKodes/2794@00050000K+k7.png,family:Malpighiaceae;genus:Byrsonima,False
S-96,5000000,varKode,7,datasets/varKodes/S-96@00005000K+k7.png,family:Malpighiaceae;genus:Stigmaphyllon;species:S_bannisterioides,False
S-86,20000000,varKode,7,datasets/varKodes/S-86@00020000K+k7.png,family:Malpighiaceae;genus:Stigmaphyllon;species:S_bogotense,False
1382,75116000,varKode,7,datasets/varKodes/1382@00075116K+k7.png,family:Malpighiaceae;genus:Microsteira,False
S-13,50000000,varKode,7,datasets/varKodes/S-13@00050000K+k7.png,family:Malpighiaceae;genus:Stigmaphyllon;species:S_ciliatum,False
C-227,50000000,varKode,7,datasets/varKodes/C-227@00050000K+k7.png,family:Chrysobalanaceae;genus:Hirtella,False
S-29,20000000,varKode,7,datasets/varKodes/S-29@00020000K+k7.png,family:Malpighiaceae;genus:Stigmaphyllon;species:S_jatrophifolium,False
S-89,1000000,varKode,7,datasets/varKodes/S-89@00001000K+k7.png,family:Malpighiaceae;genus:Stigmaphyllon;species:S_bogotense,False
3341,100000000,varKode,7,datasets/varKodes/3341@00100000K+k7.png,family:Malpighiaceae;genus:Aspidopterys,False
C-127,200000000,varKode,7,datasets/varKodes/C-127@00200000K+k7.png,family:Chrysobalanaceae;genus:Parinari,False
S-24,50000000,varKode,7,datasets/varKodes/S-24@00050000K+k7.png,family:Malpighiaceae;genus:Stigmaphyllon;species:S_jatrophifolium,False
C-365,500000,varKode,7,datasets/varKodes/C-365@00000500K+k7.png,family:Chrysobalanaceae;genus:Gaulettia,False
C-127,50000000,varKode,7,datasets/varKodes/C-127@00050000K+k7.png,family:Chrysobalanaceae;genus:Parinari,False
3345,50000000,varKode,7,datasets/varKodes/3345@00050000K+k7.png,family:Malpighiaceae;genus:Blepharandra,False
3129,1000000,varKode,7,datasets/varKodes/3129@00001000K+k7.png,family:Malpighiaceae;genus:Bunchosia,False
746,500000,varKode,7,datasets/varKodes/746@00000500K+k7.png,family:Malpighiaceae;genus:Aspicarpa,False
S-15,500000,varKode,7,datasets/varKodes/S-15@00000500K+k7.png,family:Malpighiaceae;genus:Stigmaphyllon;species:S_ciliatum,False
1944,1000000,varKode,7,datasets/varKodes/1944@00001000K+k7.png,family:Malpighiaceae;genus:Bronwenia,False
3129,20000000,varKode,7,datasets/varKodes/3129@00020000K+k7.png,family:Malpighiaceae;genus:Bunchosia,False
1503,500000,varKode,7,datasets/varKodes/1503@00000500K+k7.png,family:Malpighiaceae;genus:Hiptage,False
C-259,200000000,varKode,7,datasets/varKodes/C-259@00200000K+k7.png,family:Chrysobalanaceae;genus:Hirtella,False
S-70,1000000,varKode,7,datasets/varKodes/S-70@00001000K+k7.png,family:Malpighiaceae;genus:Stigmaphyllon;species:S_puberum,False
S-58,200000000,varKode,7,datasets/varKodes/S-58@00200000K+k7.png,family:Malpighiaceae;genus:Stigmaphyllon;species:S_emarginatum,False
S-63,50000000,varKode,7,datasets/varKodes/S-63@00050000K+k7.png,family:Malpighiaceae;genus:Stigmaphyllon;species:S_puberum,False
S-66,500000,varKode,7,datasets/varKodes/S-66@00000500K+k7.png,family:Malpighiaceae;genus:Stigmaphyllon;species:S_puberum,False
S-83,100000000,varKode,7,datasets/varKodes/S-83@00100000K+k7.png,family:Malpighiaceae;genus:Stigmaphyllon;species:S_bogotense,False
S-70,50000000,varKode,7,datasets/varKodes/S-70@00050000K+k7.png,family:Malpighiaceae;genus:Stigmaphyllon;species:S_puberum,False
706,5000000,varKode,7,datasets/varKodes/706@00005000K+k7.png,family:Malpighiaceae;genus:Cottsia,False
S-60,2000000,varKode,7,datasets/varKodes/S-60@00002000K+k7.png,family:Malpighiaceae;genus:Stigmaphyllon;species:S_emarginatum,False
2693,2000000,varKode,7,datasets/varKodes/2693@00002000K+k7.png,family:Malpighiaceae;genus:Byrsonima,False
S-13,5000000,varKode,7,datasets/varKodes/S-13@00005000K+k7.png,family:Malpighiaceae;genus:Stigmaphyllon;species:S_ciliatum,False
S-33,20000000,varKode,7,datasets/varKodes/S-33@00020000K+k7.png,family:Malpighiaceae;genus:Stigmaphyllon;species:S_bonariense,False
682,10000000,varKode,7,datasets/varKodes/682@00010000K+k7.png,family:Malpighiaceae;genus:Diacidia,False
S-55,100000000,varKode,7,datasets/varKodes/S-55@00100000K+k7.png,family:Malpighiaceae;genus:Stigmaphyllon;species:S_emarginatum,False
1503,50000000,varKode,7,datasets/varKodes/1503@00050000K+k7.png,family:Malpighiaceae;genus:Hiptage,False
1716,2000000,varKode,7,datasets/varKodes/1716@00002000K+k7.png,family:Malpighiaceae;genus:Dicella,False
3301,146944000,varKode,7,datasets/varKodes/3301@00146944K+k7.png,family:Malpighiaceae;genus:Heteropterys,False
S-62,50000000,varKode,7,datasets/varKodes/S-62@00050000K+k7.png,family:Malpighiaceae;genus:Stigmaphyllon;species:S_puberum,False
C-280,200000000,varKode,7,datasets/varKodes/C-280@00200000K+k7.png,family:Chrysobalanaceae;genus:Couepia,False
3342,20000000,varKode,7,datasets/varKodes/3342@00020000K+k7.png,family:Malpighiaceae;genus:Aspidopterys,False
1677,20000000,varKode,7,datasets/varKodes/1677@00020000K+k7.png,family:Malpighiaceae;genus:Aspicarpa,False
1534,50000000,varKode,7,datasets/varKodes/1534@00050000K+k7.png,family:Malpighiaceae;genus:Amorimia,False
821,2000000,varKode,7,datasets/varKodes/821@00002000K+k7.png,family:Malpighiaceae;genus:Mascagnia,False
S-88,100000000,varKode,7,datasets/varKodes/S-88@00100000K+k7.png,family:Malpighiaceae;genus:Stigmaphyllon;species:S_bogotense,False
S-60,500000,varKode,7,datasets/varKodes/S-60@00000500K+k7.png,family:Malpighiaceae;genus:Stigmaphyllon;species:S_emarginatum,False
C-365,200000000,varKode,7,datasets/varKodes/C-365@00200000K+k7.png,family:Chrysobalanaceae;genus:Gaulettia,False
3935,500000,varKode,7,datasets/varKodes/3935@00000500K+k7.png,family:Malpighiaceae;genus:Bunchosia,False
S-94,50000000,varKode,7,datasets/varKodes/S-94@00050000K+k7.png,family:Malpighiaceae;genus:Stigmaphyllon;species:S_bannisterioides,False
3301,10000000,varKode,7,datasets/varKodes/3301@00010000K+k7.png,family:Malpighiaceae;genus:Heteropterys,False
1702,47433000,varKode,7,datasets/varKodes/1702@00047433K+k7.png,family:Malpighiaceae;genus:Callaeum,False
3679,500000,varKode,7,datasets/varKodes/3679@00000500K+k7.png,family:Malpighiaceae;genus:Tristellateia,False
S-68,10000000,varKode,7,datasets/varKodes/S-68@00010000K+k7.png,family:Malpighiaceae;genus:Stigmaphyllon;species:S_puberum,False
S-65,200000000,varKode,7,datasets/varKodes/S-65@00200000K+k7.png,family:Malpighiaceae;genus:Stigmaphyllon;species:S_puberum,False
2907,500000,varKode,7,datasets/varKodes/2907@00000500K+k7.png,family:Elatinaceae;genus:Elatine,False
C-393,100000000,varKode,7,datasets/varKodes/C-393@00100000K+k7.png,family:Chrysobalanaceae;genus:Gaulettia,False
S-97,1000000,varKode,7,datasets/varKodes/S-97@00001000K+k7.png,family:Malpighiaceae;genus:Stigmaphyllon;species:S_bannisterioides,False
2065,50000000,varKode,7,datasets/varKodes/2065@00050000K+k7.png,family:Malpighiaceae;genus:Mascagnia,False
S-78,10000000,varKode,7,datasets/varKodes/S-78@00010000K+k7.png,family:Malpighiaceae;genus:Stigmaphyllon;species:S_lindenianum,False
1661,500000,varKode,7,datasets/varKodes/1661@00000500K+k7.png,family:Malpighiaceae;genus:Microsteira,False
C-296,2000000,varKode,7,datasets/varKodes/C-296@00002000K+k7.png,family:Chrysobalanaceae;genus:Parinari,False
3316,90780000,varKode,7,datasets/varKodes/3316@00090780K+k7.png,family:Malpighiaceae;genus:Acmanthera,False
S-64,5000000,varKode,7,datasets/varKodes/S-64@00005000K+k7.png,family:Malpighiaceae;genus:Stigmaphyllon;species:S_puberum,False
1676,5000000,varKode,7,datasets/varKodes/1676@00005000K+k7.png,family:Malpighiaceae;genus:Aspicarpa,False
C-239,100000000,varKode,7,datasets/varKodes/C-239@00100000K+k7.png,family:Chrysobalanaceae;genus:Dactyladenia,False
C-181,5000000,varKode,7,datasets/varKodes/C-181@00005000K+k7.png,family:Chrysobalanaceae;genus:Licania,False
S-38,163611000,varKode,7,datasets/varKodes/S-38@00163611K+k7.png,family:Malpighiaceae;genus:Stigmaphyllon;species:S_bonariense,False
2700,200000000,varKode,7,datasets/varKodes/2700@00200000K+k7.png,family:Malpighiaceae;genus:Byrsonima,False
1089,1000000,varKode,7,datasets/varKodes/1089@00001000K+k7.png,family:Malpighiaceae;genus:Triaspis,False
3316,1000000,varKode,7,datasets/varKodes/3316@00001000K+k7.png,family:Malpighiaceae;genus:Acmanthera,False
S-38,10000000,varKode,7,datasets/varKodes/S-38@00010000K+k7.png,family:Malpighiaceae;genus:Stigmaphyllon;species:S_bonariense,False
S-73,100000000,varKode,7,datasets/varKodes/S-73@00100000K+k7.png,family:Malpighiaceae;genus:Stigmaphyllon;species:S_lindenianum,False
3375,20000000,varKode,7,datasets/varKodes/3375@00020000K+k7.png,family:Malpighiaceae;genus:Hiptage,False
S-82,5000000,varKode,7,datasets/varKodes/S-82@00005000K+k7.png,family:Malpighiaceae;genus:Stigmaphyllon;species:S_bogotense,False
2693,10000000,varKode,7,datasets/varKodes/2693@00010000K+k7.png,family:Malpighiaceae;genus:Byrsonima,False
1386,50000000,varKode,7,datasets/varKodes/1386@00050000K+k7.png,family:Malpighiaceae;genus:Microsteira,False
C-265,5000000,varKode,7,datasets/varKodes/C-265@00005000K+k7.png,family:Chrysobalanaceae;genus:Acioa,False
S-15,200000000,varKode,7,datasets/varKodes/S-15@00200000K+k7.png,family:Malpighiaceae;genus:Stigmaphyllon;species:S_ciliatum,False
S-67,20000000,varKode,7,datasets/varKodes/S-67@00020000K+k7.png,family:Malpighiaceae;genus:Stigmaphyllon;species:S_puberum,False
3536,100000000,varKode,7,datasets/varKodes/3536@00100000K+k7.png,family:Malpighiaceae;genus:Banisteriopsis,False
2960,500000,varKode,7,datasets/varKodes/2960@00000500K+k7.png,family:Malpighiaceae;genus:Banisteriopsis,False
S-10,500000,varKode,7,datasets/varKodes/S-10@00000500K+k7.png,family:Malpighiaceae;genus:Stigmaphyllon;species:S_paralias,False
1770,10000000,varKode,7,datasets/varKodes/1770@00010000K+k7.png,family:Malpighiaceae;genus:Bunchosia,False
S-21,10000000,varKode,7,datasets/varKodes/S-21@00010000K+k7.png,family:Malpighiaceae;genus:Stigmaphyllon;species:S_jatrophifolium,False
S-55,20000000,varKode,7,datasets/varKodes/S-55@00020000K+k7.png,family:Malpighiaceae;genus:Stigmaphyllon;species:S_emarginatum,False
C-40,102904000,varKode,7,datasets/varKodes/C-40@00102904K+k7.png,family:Chrysobalanaceae;genus:Hirtella,False
655,50000000,varKode,7,datasets/varKodes/655@00050000K+k7.png,family:Malpighiaceae;genus:Burdachia,False
S-5,5000000,varKode,7,datasets/varKodes/S-5@00005000K+k7.png,family:Malpighiaceae;genus:Stigmaphyllon;species:S_paralias,False
1174,38884000,varKode,7,datasets/varKodes/1174@00038884K+k7.png,family:Malpighiaceae;genus:Triaspis,False
S-13,100000000,varKode,7,datasets/varKodes/S-13@00100000K+k7.png,family:Malpighiaceae;genus:Stigmaphyllon;species:S_ciliatum,False
1850,2000000,varKode,7,datasets/varKodes/1850@00002000K+k7.png,family:Malpighiaceae;genus:Banisteriopsis,False
1717,20000000,varKode,7,datasets/varKodes/1717@00020000K+k7.png,family:Malpighiaceae;genus:Galphimia,False
S-47,500000,varKode,7,datasets/varKodes/S-47@00000500K+k7.png,family:Malpighiaceae;genus:Stigmaphyllon;species:S_ellipticum,False
S-34,162007000,varKode,7,datasets/varKodes/S-34@00162007K+k7.png,family:Malpighiaceae;genus:Stigmaphyllon;species:S_bonariense,True
1570,10000000,varKode,7,datasets/varKodes/1570@00010000K+k7.png,family:Malpighiaceae;genus:Malpighiodes,False
S-11,100000000,varKode,7,datasets/varKodes/S-11@00100000K+k7.png,family:Malpighiaceae;genus:Stigmaphyllon;species:S_ciliatum,False
3595,58772000,varKode,7,datasets/varKodes/3595@00058772K+k7.png,family:Malpighiaceae;genus:Christianella,False
S-12,1000000,varKode,7,datasets/varKodes/S-12@00001000K+k7.png,family:Malpighiaceae;genus:Stigmaphyllon;species:S_ciliatum,False
S-21,5000000,varKode,7,datasets/varKodes/S-21@00005000K+k7.png,family:Malpighiaceae;genus:Stigmaphyllon;species:S_jatrophifolium,False
C-21,500000,varKode,7,datasets/varKodes/C-21@00000500K+k7.png,family:Chrysobalanaceae;genus:Exellodendron,False
3545,20000000,varKode,7,datasets/varKodes/3545@00020000K+k7.png,family:Malpighiaceae;genus:Burdachia,False
1915,100000000,varKode,7,datasets/varKodes/1915@00100000K+k7.png,family:Malpighiaceae;genus:Mascagnia,False
2827,5000000,varKode,7,datasets/varKodes/2827@00005000K+k7.png,family:Malpighiaceae;genus:Bunchosia,False
3518,500000,varKode,7,datasets/varKodes/3518@00000500K+k7.png,family:Malpighiaceae;genus:Amorimia,False
1543,35065000,varKode,7,datasets/varKodes/1543@00035065K+k7.png,family:Malpighiaceae;genus:Carolus,False
2311,50000000,varKode,7,datasets/varKodes/2311@00050000K+k7.png,family:Elatinaceae;genus:Elatine,False
2831,100000000,varKode,7,datasets/varKodes/2831@00100000K+k7.png,family:Malpighiaceae;genus:Bunchosia,False
596,20000000,varKode,7,datasets/varKodes/596@00020000K+k7.png,family:Malpighiaceae;genus:Cottsia,False
C-303,500000,varKode,7,datasets/varKodes/C-303@00000500K+k7.png,family:Chrysobalanaceae;genus:Licania,False
3349,5000000,varKode,7,datasets/varKodes/3349@00005000K+k7.png,family:Malpighiaceae;genus:Burdachia,False
1928,49507000,varKode,7,datasets/varKodes/1928@00049507K+k7.png,family:Malpighiaceae;genus:Diacidia,False
S-86,50000000,varKode,7,datasets/varKodes/S-86@00050000K+k7.png,family:Malpighiaceae;genus:Stigmaphyllon;species:S_bogotense,False
1570,500000,varKode,7,datasets/varKodes/1570@00000500K+k7.png,family:Malpighiaceae;genus:Malpighiodes,False
746,57181000,varKode,7,datasets/varKodes/746@00057181K+k7.png,family:Malpighiaceae;genus:Aspicarpa,False
C-365,10000000,varKode,7,datasets/varKodes/C-365@00010000K+k7.png,family:Chrysobalanaceae;genus:Gaulettia,False
S-17,200000000,varKode,7,datasets/varKodes/S-17@00200000K+k7.png,family:Malpighiaceae;genus:Stigmaphyllon;species:S_ciliatum,False
C-296,5000000,varKode,7,datasets/varKodes/C-296@00005000K+k7.png,family:Chrysobalanaceae;genus:Parinari,False
1503,5000000,varKode,7,datasets/varKodes/1503@00005000K+k7.png,family:Malpighiaceae;genus:Hiptage,False
S-47,2000000,varKode,7,datasets/varKodes/S-47@00002000K+k7.png,family:Malpighiaceae;genus:Stigmaphyllon;species:S_ellipticum,False
S-72,10000000,varKode,7,datasets/varKodes/S-72@00010000K+k7.png,family:Malpighiaceae;genus:Stigmaphyllon;species:S_lindenianum,False
3341,1000000,varKode,7,datasets/varKodes/3341@00001000K+k7.png,family:Malpighiaceae;genus:Aspidopterys,False
1705,5000000,varKode,7,datasets/varKodes/1705@00005000K+k7.png,family:Malpighiaceae;genus:Dicella,False
S-62,100000000,varKode,7,datasets/varKodes/S-62@00100000K+k7.png,family:Malpighiaceae;genus:Stigmaphyllon;species:S_puberum,False
S-15,5000000,varKode,7,datasets/varKodes/S-15@00005000K+k7.png,family:Malpighiaceae;genus:Stigmaphyllon;species:S_ciliatum,False
S-58,5000000,varKode,7,datasets/varKodes/S-58@00005000K+k7.png,family:Malpighiaceae;genus:Stigmaphyllon;species:S_emarginatum,False
777,500000,varKode,7,datasets/varKodes/777@00000500K+k7.png,family:Malpighiaceae;genus:Christianella,False
S-6,500000,varKode,7,datasets/varKodes/S-6@00000500K+k7.png,family:Malpighiaceae;genus:Stigmaphyllon;species:S_paralias,False
S-6,200000000,varKode,7,datasets/varKodes/S-6@00200000K+k7.png,family:Malpighiaceae;genus:Stigmaphyllon;species:S_paralias,False
2100,20000000,varKode,7,datasets/varKodes/2100@00020000K+k7.png,family:Malpighiaceae;genus:Callaeum,False
3342,1000000,varKode,7,datasets/varKodes/3342@00001000K+k7.png,family:Malpighiaceae;genus:Aspidopterys,False
S-88,20000000,varKode,7,datasets/varKodes/S-88@00020000K+k7.png,family:Malpighiaceae;genus:Stigmaphyllon;species:S_bogotense,False
S-2,500000,varKode,7,datasets/varKodes/S-2@00000500K+k7.png,family:Malpighiaceae;genus:Stigmaphyllon;species:S_paralias,False
3536,1000000,varKode,7,datasets/varKodes/3536@00001000K+k7.png,family:Malpighiaceae;genus:Banisteriopsis,False
3341,175104000,varKode,7,datasets/varKodes/3341@00175104K+k7.png,family:Malpighiaceae;genus:Aspidopterys,False
1877,10000000,varKode,7,datasets/varKodes/1877@00010000K+k7.png,family:Malpighiaceae;genus:Bronwenia,False
1677,36251000,varKode,7,datasets/varKodes/1677@00036251K+k7.png,family:Malpighiaceae;genus:Aspicarpa,False
174,20000000,varKode,7,datasets/varKodes/174@00020000K+k7.png,family:Malpighiaceae;genus:Triaspis,False
S-23,2000000,varKode,7,datasets/varKodes/S-23@00002000K+k7.png,family:Malpighiaceae;genus:Stigmaphyllon;species:S_jatrophifolium,False
777,2000000,varKode,7,datasets/varKodes/777@00002000K+k7.png,family:Malpighiaceae;genus:Christianella,False
682,5000000,varKode,7,datasets/varKodes/682@00005000K+k7.png,family:Malpighiaceae;genus:Diacidia,False
1661,100000000,varKode,7,datasets/varKodes/1661@00100000K+k7.png,family:Malpighiaceae;genus:Microsteira,False
S-89,200000000,varKode,7,datasets/varKodes/S-89@00200000K+k7.png,family:Malpighiaceae;genus:Stigmaphyllon;species:S_bogotense,False
1324,500000,varKode,7,datasets/varKodes/1324@00000500K+k7.png,family:Malpighiaceae;genus:Microsteira,False
944,10000000,varKode,7,datasets/varKodes/944@00010000K+k7.png,family:Malpighiaceae;genus:Tetrapterys,False
2985,20000000,varKode,7,datasets/varKodes/2985@00020000K+k7.png,family:Malpighiaceae;genus:Heteropterys,False
S-14,100000000,varKode,7,datasets/varKodes/S-14@00100000K+k7.png,family:Malpighiaceae;genus:Stigmaphyllon;species:S_ciliatum,False
3122,10000000,varKode,7,datasets/varKodes/3122@00010000K+k7.png,family:Malpighiaceae;genus:Triaspis,False
1845,500000,varKode,7,datasets/varKodes/1845@00000500K+k7.png,family:Malpighiaceae;genus:Bronwenia,False
S-59,5000000,varKode,7,datasets/varKodes/S-59@00005000K+k7.png,family:Malpighiaceae;genus:Stigmaphyllon;species:S_emarginatum,False
1240,60093000,varKode,7,datasets/varKodes/1240@00060093K+k7.png,family:Malpighiaceae;genus:Diplopterys,False
174,5000000,varKode,7,datasets/varKodes/174@00005000K+k7.png,family:Malpighiaceae;genus:Triaspis,False
S-66,2000000,varKode,7,datasets/varKodes/S-66@00002000K+k7.png,family:Malpighiaceae;genus:Stigmaphyllon;species:S_puberum,False
C-342,20000000,varKode,7,datasets/varKodes/C-342@00020000K+k7.png,family:Chrysobalanaceae;genus:Exellodendron,False
S-19,200000000,varKode,7,datasets/varKodes/S-19@00200000K+k7.png,family:Malpighiaceae;genus:Stigmaphyllon;species:S_ciliatum,False
3356,500000,varKode,7,datasets/varKodes/3356@00000500K+k7.png,family:Malpighiaceae;genus:Cottsia,False
679,20000000,varKode,7,datasets/varKodes/679@00020000K+k7.png,family:Malpighiaceae;genus:Bunchosia,False
S-61,10000000,varKode,7,datasets/varKodes/S-61@00010000K+k7.png,family:Malpighiaceae;genus:Stigmaphyllon;species:S_puberum,False
944,20000000,varKode,7,datasets/varKodes/944@00020000K+k7.png,family:Malpighiaceae;genus:Tetrapterys,False
1860,50000000,varKode,7,datasets/varKodes/1860@00050000K+k7.png,family:Malpighiaceae;genus:Bronwenia,False
3595,1000000,varKode,7,datasets/varKodes/3595@00001000K+k7.png,family:Malpighiaceae;genus:Christianella,False
3448,500000,varKode,7,datasets/varKodes/3448@00000500K+k7.png,family:Malpighiaceae;genus:Acmanthera,False
S-61,500000,varKode,7,datasets/varKodes/S-61@00000500K+k7.png,family:Malpighiaceae;genus:Stigmaphyllon;species:S_puberum,False
S-71,200000000,varKode,7,datasets/varKodes/S-71@00200000K+k7.png,family:Malpighiaceae;genus:Stigmaphyllon;species:S_lindenianum,False
S-98,2000000,varKode,7,datasets/varKodes/S-98@00002000K+k7.png,family:Malpighiaceae;genus:Stigmaphyllon;species:S_bannisterioides,False
C-127,10000000,varKode,7,datasets/varKodes/C-127@00010000K+k7.png,family:Chrysobalanaceae;genus:Parinari,False
C-259,2000000,varKode,7,datasets/varKodes/C-259@00002000K+k7.png,family:Chrysobalanaceae;genus:Hirtella,False
760,39168000,varKode,7,datasets/varKodes/760@00039168K+k7.png,family:Malpighiaceae;genus:Hiptage,False
3375,5000000,varKode,7,datasets/varKodes/3375@00005000K+k7.png,family:Malpighiaceae;genus:Hiptage,False
1314,1000000,varKode,7,datasets/varKodes/1314@00001000K+k7.png,family:Malpighiaceae;genus:Hiptage,False
1089,5000000,varKode,7,datasets/varKodes/1089@00005000K+k7.png,family:Malpighiaceae;genus:Triaspis,False
S-19,100000000,varKode,7,datasets/varKodes/S-19@00100000K+k7.png,family:Malpighiaceae;genus:Stigmaphyllon;species:S_ciliatum,False
2272,50000000,varKode,7,datasets/varKodes/2272@00050000K+k7.png,family:Elatinaceae;genus:Elatine,False
2700,20000000,varKode,7,datasets/varKodes/2700@00020000K+k7.png,family:Malpighiaceae;genus:Byrsonima,False
3353,500000,varKode,7,datasets/varKodes/3353@00000500K+k7.png,family:Malpighiaceae;genus:Camarea,False
1860,100000000,varKode,7,datasets/varKodes/1860@00100000K+k7.png,family:Malpighiaceae;genus:Bronwenia,False
3423,20000000,varKode,7,datasets/varKodes/3423@00020000K+k7.png,family:Malpighiaceae;genus:Tetrapterys,False
S-41,500000,varKode,7,datasets/varKodes/S-41@00000500K+k7.png,family:Malpighiaceae;genus:Stigmaphyllon;species:S_ellipticum,False
S-77,10000000,varKode,7,datasets/varKodes/S-77@00010000K+k7.png,family:Malpighiaceae;genus:Stigmaphyllon;species:S_lindenianum,False
1860,1000000,varKode,7,datasets/varKodes/1860@00001000K+k7.png,family:Malpighiaceae;genus:Bronwenia,False
3609,5000000,varKode,7,datasets/varKodes/3609@00005000K+k7.png,family:Malpighiaceae;genus:Diplopterys,False
3230,5000000,varKode,7,datasets/varKodes/3230@00005000K+k7.png,family:Malpighiaceae;genus:Malpighia,False
S-51,10000000,varKode,7,datasets/varKodes/S-51@00010000K+k7.png,family:Malpighiaceae;genus:Stigmaphyllon;species:S_emarginatum,False
1703,48264000,varKode,7,datasets/varKodes/1703@00048264K+k7.png,family:Malpighiaceae;genus:Callaeum,False
S-4,100000000,varKode,7,datasets/varKodes/S-4@00100000K+k7.png,family:Malpighiaceae;genus:Stigmaphyllon;species:S_paralias,False
1610,50000000,varKode,7,datasets/varKodes/1610@00050000K+k7.png,family:Malpighiaceae;genus:Malpighiodes,False
679,2000000,varKode,7,datasets/varKodes/679@00002000K+k7.png,family:Malpighiaceae;genus:Bunchosia,False
3980,20000000,varKode,7,datasets/varKodes/3980@00020000K+k7.png,family:Malpighiaceae;genus:Heteropterys,False
S-93,10000000,varKode,7,datasets/varKodes/S-93@00010000K+k7.png,family:Malpighiaceae;genus:Stigmaphyllon;species:S_bannisterioides,False
S-95,1000000,varKode,7,datasets/varKodes/S-95@00001000K+k7.png,family:Malpighiaceae;genus:Stigmaphyllon;species:S_bannisterioides,False
2942,20000000,varKode,7,datasets/varKodes/2942@00020000K+k7.png,family:Malpighiaceae;genus:Tetrapterys,False
S-45,200000000,varKode,7,datasets/varKodes/S-45@00200000K+k7.png,family:Malpighiaceae;genus:Stigmaphyllon;species:S_ellipticum,False
C-130,2000000,varKode,7,datasets/varKodes/C-130@00002000K+k7.png,family:Chrysobalanaceae;genus:Licania,False
2985,5000000,varKode,7,datasets/varKodes/2985@00005000K+k7.png,family:Malpighiaceae;genus:Heteropterys,False
2831,500000,varKode,7,datasets/varKodes/2831@00000500K+k7.png,family:Malpighiaceae;genus:Bunchosia,False
3676,1000000,varKode,7,datasets/varKodes/3676@00001000K+k7.png,family:Malpighiaceae;genus:Tetrapterys,False
1770,1000000,varKode,7,datasets/varKodes/1770@00001000K+k7.png,family:Malpighiaceae;genus:Bunchosia,False
S-43,200000000,varKode,7,datasets/varKodes/S-43@00200000K+k7.png,family:Malpighiaceae;genus:Stigmaphyllon;species:S_ellipticum,False
1176,2000000,varKode,7,datasets/varKodes/1176@00002000K+k7.png,family:Malpighiaceae;genus:Triaspis,False
1850,20000000,varKode,7,datasets/varKodes/1850@00020000K+k7.png,family:Malpighiaceae;genus:Banisteriopsis,False
S-85,200000000,varKode,7,datasets/varKodes/S-85@00200000K+k7.png,family:Malpighiaceae;genus:Stigmaphyllon;species:S_bogotense,False
2909,2000000,varKode,7,datasets/varKodes/2909@00002000K+k7.png,family:Elatinaceae;genus:Elatine,False
2960,199698000,varKode,7,datasets/varKodes/2960@00199698K+k7.png,family:Malpighiaceae;genus:Banisteriopsis,False
S-95,10000000,varKode,7,datasets/varKodes/S-95@00010000K+k7.png,family:Malpighiaceae;genus:Stigmaphyllon;species:S_bannisterioides,False
1538,1000000,varKode,7,datasets/varKodes/1538@00001000K+k7.png,family:Malpighiaceae;genus:Carolus,False
1653,1000000,varKode,7,datasets/varKodes/1653@00001000K+k7.png,family:Malpighiaceae;genus:Galphimia,False
2985,45245000,varKode,7,datasets/varKodes/2985@00045245K+k7.png,family:Malpighiaceae;genus:Heteropterys,False
C-21,100000000,varKode,7,datasets/varKodes/C-21@00100000K+k7.png,family:Chrysobalanaceae;genus:Exellodendron,False
3452,10000000,varKode,7,datasets/varKodes/3452@00010000K+k7.png,family:Malpighiaceae;genus:Diacidia,False
S-39,100000000,varKode,7,datasets/varKodes/S-39@00100000K+k7.png,family:Malpighiaceae;genus:Stigmaphyllon;species:S_bonariense,False
3729,100000000,varKode,7,datasets/varKodes/3729@00100000K+k7.png,family:Malpighiaceae;genus:Thryallis,False
3122,1000000,varKode,7,datasets/varKodes/3122@00001000K+k7.png,family:Malpighiaceae;genus:Triaspis,False
618,20000000,varKode,7,datasets/varKodes/618@00020000K+k7.png,family:Malpighiaceae;genus:Aspicarpa,False
S-44,1000000,varKode,7,datasets/varKodes/S-44@00001000K+k7.png,family:Malpighiaceae;genus:Stigmaphyllon;species:S_ellipticum,False
2764,10000000,varKode,7,datasets/varKodes/2764@00010000K+k7.png,family:Malpighiaceae;genus:Byrsonima,False
S-76,10000000,varKode,7,datasets/varKodes/S-76@00010000K+k7.png,family:Malpighiaceae;genus:Stigmaphyllon;species:S_lindenianum,False
1182,10000000,varKode,7,datasets/varKodes/1182@00010000K+k7.png,family:Malpighiaceae;genus:Tristellateia,False
S-63,1000000,varKode,7,datasets/varKodes/S-63@00001000K+k7.png,family:Malpighiaceae;genus:Stigmaphyllon;species:S_puberum,False
3518,50000000,varKode,7,datasets/varKodes/3518@00050000K+k7.png,family:Malpighiaceae;genus:Amorimia,False
S-35,100000000,varKode,7,datasets/varKodes/S-35@00100000K+k7.png,family:Malpighiaceae;genus:Stigmaphyllon;species:S_bonariense,False
S-84,50000000,varKode,7,datasets/varKodes/S-84@00050000K+k7.png,family:Malpighiaceae;genus:Stigmaphyllon;species:S_bogotense,False
S-40,500000,varKode,7,datasets/varKodes/S-40@00000500K+k7.png,family:Malpighiaceae;genus:Stigmaphyllon;species:S_bonariense,False
2168,1000000,varKode,7,datasets/varKodes/2168@00001000K+k7.png,family:Malpighiaceae;genus:Bunchosia,False
S-100,5000000,varKode,7,datasets/varKodes/S-100@00005000K+k7.png,family:Malpighiaceae;genus:Stigmaphyllon;species:S_bannisterioides,False
C-69,5000000,varKode,7,datasets/varKodes/C-69@00005000K+k7.png,family:Chrysobalanaceae;genus:Couepia,False
C-271,10000000,varKode,7,datasets/varKodes/C-271@00010000K+k7.png,family:Chrysobalanaceae;genus:Gaulettia,False
S-81,10000000,varKode,7,datasets/varKodes/S-81@00010000K+k7.png,family:Malpighiaceae;genus:Stigmaphyllon;species:S_bogotense,False
S-61,20000000,varKode,7,datasets/varKodes/S-61@00020000K+k7.png,family:Malpighiaceae;genus:Stigmaphyllon;species:S_puberum,False
1928,1000000,varKode,7,datasets/varKodes/1928@00001000K+k7.png,family:Malpighiaceae;genus:Diacidia,False
3316,2000000,varKode,7,datasets/varKodes/3316@00002000K+k7.png,family:Malpighiaceae;genus:Acmanthera,False
S-86,2000000,varKode,7,datasets/varKodes/S-86@00002000K+k7.png,family:Malpighiaceae;genus:Stigmaphyllon;species:S_bogotense,False
1860,500000,varKode,7,datasets/varKodes/1860@00000500K+k7.png,family:Malpighiaceae;genus:Bronwenia,False
2272,5000000,varKode,7,datasets/varKodes/2272@00005000K+k7.png,family:Elatinaceae;genus:Elatine,False
3606,100000000,varKode,7,datasets/varKodes/3606@00100000K+k7.png,family:Malpighiaceae;genus:Diplopterys,False
3431,10000000,varKode,7,datasets/varKodes/3431@00010000K+k7.png,family:Malpighiaceae;genus:Christianella,False
S-37,100000000,varKode,7,datasets/varKodes/S-37@00100000K+k7.png,family:Malpighiaceae;genus:Stigmaphyllon;species:S_bonariense,False
S-52,5000000,varKode,7,datasets/varKodes/S-52@00005000K+k7.png,family:Malpighiaceae;genus:Stigmaphyllon;species:S_emarginatum,False
S-69,50000000,varKode,7,datasets/varKodes/S-69@00050000K+k7.png,family:Malpighiaceae;genus:Stigmaphyllon;species:S_puberum,False
S-31,2000000,varKode,7,datasets/varKodes/S-31@00002000K+k7.png,family:Malpighiaceae;genus:Stigmaphyllon;species:S_bonariense,False
3447,20000000,varKode,7,datasets/varKodes/3447@00020000K+k7.png,family:Malpighiaceae;genus:Acmanthera,False
S-81,2000000,varKode,7,datasets/varKodes/S-81@00002000K+k7.png,family:Malpighiaceae;genus:Stigmaphyllon;species:S_bogotense,False
S-32,10000000,varKode,7,datasets/varKodes/S-32@00010000K+k7.png,family:Malpighiaceae;genus:Stigmaphyllon;species:S_bonariense,False
C-303,20000000,varKode,7,datasets/varKodes/C-303@00020000K+k7.png,family:Chrysobalanaceae;genus:Licania,False
S-47,5000000,varKode,7,datasets/varKodes/S-47@00005000K+k7.png,family:Malpighiaceae;genus:Stigmaphyllon;species:S_ellipticum,False
2798,5000000,varKode,7,datasets/varKodes/2798@00005000K+k7.png,family:Malpighiaceae;genus:Blepharandra,False
C-265,10000000,varKode,7,datasets/varKodes/C-265@00010000K+k7.png,family:Chrysobalanaceae;genus:Acioa,False
2279,19929000,varKode,7,datasets/varKodes/2279@00019929K+k7.png,family:Elatinaceae;genus:Elatine,False
S-68,100000000,varKode,7,datasets/varKodes/S-68@00100000K+k7.png,family:Malpighiaceae;genus:Stigmaphyllon;species:S_puberum,False
170,10000000,varKode,7,datasets/varKodes/170@00010000K+k7.png,family:Malpighiaceae;genus:Acridocarpus,False
69,500000,varKode,7,datasets/varKodes/69@00000500K+k7.png,family:Malpighiaceae;genus:Acridocarpus,False
S-75,1000000,varKode,7,datasets/varKodes/S-75@00001000K+k7.png,family:Malpighiaceae;genus:Stigmaphyllon;species:S_lindenianum,False
S-97,20000000,varKode,7,datasets/varKodes/S-97@00020000K+k7.png,family:Malpighiaceae;genus:Stigmaphyllon;species:S_bannisterioides,False
C-32,1000000,varKode,7,datasets/varKodes/C-32@00001000K+k7.png,family:Chrysobalanaceae;genus:Hirtella,False
3353,1000000,varKode,7,datasets/varKodes/3353@00001000K+k7.png,family:Malpighiaceae;genus:Camarea,False
S-66,10000000,varKode,7,datasets/varKodes/S-66@00010000K+k7.png,family:Malpighiaceae;genus:Stigmaphyllon;species:S_puberum,False
1677,2000000,varKode,7,datasets/varKodes/1677@00002000K+k7.png,family:Malpighiaceae;genus:Aspicarpa,False
C-296,500000,varKode,7,datasets/varKodes/C-296@00000500K+k7.png,family:Chrysobalanaceae;genus:Parinari,False
3357,2000000,varKode,7,datasets/varKodes/3357@00002000K+k7.png,family:Malpighiaceae;genus:Diacidia,False
S-30,100000000,varKode,7,datasets/varKodes/S-30@00100000K+k7.png,family:Malpighiaceae;genus:Stigmaphyllon;species:S_jatrophifolium,False
2794,10000000,varKode,7,datasets/varKodes/2794@00010000K+k7.png,family:Malpighiaceae;genus:Byrsonima,False
1610,20000000,varKode,7,datasets/varKodes/1610@00020000K+k7.png,family:Malpighiaceae;genus:Malpighiodes,False
1716,188435000,varKode,7,datasets/varKodes/1716@00188435K+k7.png,family:Malpighiaceae;genus:Dicella,False
944,62345000,varKode,7,datasets/varKodes/944@00062345K+k7.png,family:Malpighiaceae;genus:Tetrapterys,False
1939,500000,varKode,7,datasets/varKodes/1939@00000500K+k7.png,family:Malpighiaceae;genus:Diplopterys,False
706,1000000,varKode,7,datasets/varKodes/706@00001000K+k7.png,family:Malpighiaceae;genus:Cottsia,False
1944,20000000,varKode,7,datasets/varKodes/1944@00020000K+k7.png,family:Malpighiaceae;genus:Bronwenia,False
1531,1000000,varKode,7,datasets/varKodes/1531@00001000K+k7.png,family:Malpighiaceae;genus:Amorimia,False
S-59,200000000,varKode,7,datasets/varKodes/S-59@00200000K+k7.png,family:Malpighiaceae;genus:Stigmaphyllon;species:S_emarginatum,False
3211,2000000,varKode,7,datasets/varKodes/3211@00002000K+k7.png,family:Malpighiaceae;genus:Acridocarpus,False
1716,10000000,varKode,7,datasets/varKodes/1716@00010000K+k7.png,family:Malpighiaceae;genus:Dicella,False
C-414,50000000,varKode,7,datasets/varKodes/C-414@00050000K+k7.png,family:Chrysobalanaceae;genus:Licania,False
S-56,2000000,varKode,7,datasets/varKodes/S-56@00002000K+k7.png,family:Malpighiaceae;genus:Stigmaphyllon;species:S_emarginatum,False
2647,1000000,varKode,7,datasets/varKodes/2647@00001000K+k7.png,family:Malpighiaceae;genus:Galphimia,False
C-32,5000000,varKode,7,datasets/varKodes/C-32@00005000K+k7.png,family:Chrysobalanaceae;genus:Hirtella,False
1653,2000000,varKode,7,datasets/varKodes/1653@00002000K+k7.png,family:Malpighiaceae;genus:Galphimia,False
S-4,10000000,varKode,7,datasets/varKodes/S-4@00010000K+k7.png,family:Malpighiaceae;genus:Stigmaphyllon;species:S_paralias,False
S-48,200000000,varKode,7,datasets/varKodes/S-48@00200000K+k7.png,family:Malpighiaceae;genus:Stigmaphyllon;species:S_ellipticum,False
3729,20000000,varKode,7,datasets/varKodes/3729@00020000K+k7.png,family:Malpighiaceae;genus:Thryallis,False
3356,1000000,varKode,7,datasets/varKodes/3356@00001000K+k7.png,family:Malpighiaceae;genus:Cottsia,False
3316,20000000,varKode,7,datasets/varKodes/3316@00020000K+k7.png,family:Malpighiaceae;genus:Acmanthera,False
C-32,2000000,varKode,7,datasets/varKodes/C-32@00002000K+k7.png,family:Chrysobalanaceae;genus:Hirtella,False
2168,20000000,varKode,7,datasets/varKodes/2168@00020000K+k7.png,family:Malpighiaceae;genus:Bunchosia,False
3955,100000000,varKode,7,datasets/varKodes/3955@00100000K+k7.png,family:Malpighiaceae;genus:Byrsonima,False
1877,43736000,varKode,7,datasets/varKodes/1877@00043736K+k7.png,family:Malpighiaceae;genus:Bronwenia,False
S-36,1000000,varKode,7,datasets/varKodes/S-36@00001000K+k7.png,family:Malpighiaceae;genus:Stigmaphyllon;species:S_bonariense,False
S-15,1000000,varKode,7,datasets/varKodes/S-15@00001000K+k7.png,family:Malpighiaceae;genus:Stigmaphyllon;species:S_ciliatum,False
3536,200000000,varKode,7,datasets/varKodes/3536@00200000K+k7.png,family:Malpighiaceae;genus:Banisteriopsis,False
1556,20000000,varKode,7,datasets/varKodes/1556@00020000K+k7.png,family:Malpighiaceae;genus:Malpighia,False
S-51,2000000,varKode,7,datasets/varKodes/S-51@00002000K+k7.png,family:Malpighiaceae;genus:Stigmaphyllon;species:S_emarginatum,False
C-500,2000000,varKode,7,datasets/varKodes/C-500@00002000K+k7.png,family:Chrysobalanaceae;genus:Dactyladenia,False
270,76623000,varKode,7,datasets/varKodes/270@00076623K+k7.png,family:Malpighiaceae;genus:Microsteira,False
S-46,10000000,varKode,7,datasets/varKodes/S-46@00010000K+k7.png,family:Malpighiaceae;genus:Stigmaphyllon;species:S_ellipticum,False
3231,10000000,varKode,7,datasets/varKodes/3231@00010000K+k7.png,family:Malpighiaceae;genus:Malpighia,False
655,2000000,varKode,7,datasets/varKodes/655@00002000K+k7.png,family:Malpighiaceae;genus:Burdachia,False
S-100,10000000,varKode,7,datasets/varKodes/S-100@00010000K+k7.png,family:Malpighiaceae;genus:Stigmaphyllon;species:S_bannisterioides,False
S-71,10000000,varKode,7,datasets/varKodes/S-71@00010000K+k7.png,family:Malpighiaceae;genus:Stigmaphyllon;species:S_lindenianum,False
S-27,500000,varKode,7,datasets/varKodes/S-27@00000500K+k7.png,family:Malpighiaceae;genus:Stigmaphyllon;species:S_jatrophifolium,False
S-99,100000000,varKode,7,datasets/varKodes/S-99@00100000K+k7.png,family:Malpighiaceae;genus:Stigmaphyllon;species:S_bannisterioides,False
176,2000000,varKode,7,datasets/varKodes/176@00002000K+k7.png,family:Malpighiaceae;genus:Acridocarpus,False
747,500000,varKode,7,datasets/varKodes/747@00000500K+k7.png,family:Malpighiaceae;genus:Camarea,False
S-5,500000,varKode,7,datasets/varKodes/S-5@00000500K+k7.png,family:Malpighiaceae;genus:Stigmaphyllon;species:S_paralias,False
69,50000000,varKode,7,datasets/varKodes/69@00050000K+k7.png,family:Malpighiaceae;genus:Acridocarpus,False
3356,10000000,varKode,7,datasets/varKodes/3356@00010000K+k7.png,family:Malpighiaceae;genus:Cottsia,False
3431,1000000,varKode,7,datasets/varKodes/3431@00001000K+k7.png,family:Malpighiaceae;genus:Christianella,False
2711,2000000,varKode,7,datasets/varKodes/2711@00002000K+k7.png,family:Malpighiaceae;genus:Byrsonima,False
C-263,5000000,varKode,7,datasets/varKodes/C-263@00005000K+k7.png,family:Chrysobalanaceae;genus:Acioa,False
2711,20000000,varKode,7,datasets/varKodes/2711@00020000K+k7.png,family:Malpighiaceae;genus:Byrsonima,False
3729,1000000,varKode,7,datasets/varKodes/3729@00001000K+k7.png,family:Malpighiaceae;genus:Thryallis,False
3452,44795000,varKode,7,datasets/varKodes/3452@00044795K+k7.png,family:Malpighiaceae;genus:Diacidia,False
1877,2000000,varKode,7,datasets/varKodes/1877@00002000K+k7.png,family:Malpighiaceae;genus:Bronwenia,False
2798,52073000,varKode,7,datasets/varKodes/2798@00052073K+k7.png,family:Malpighiaceae;genus:Blepharandra,False
S-4,500000,varKode,7,datasets/varKodes/S-4@00000500K+k7.png,family:Malpighiaceae;genus:Stigmaphyllon;species:S_paralias,False
1590,1000000,varKode,7,datasets/varKodes/1590@00001000K+k7.png,family:Malpighiaceae;genus:Carolus,False
S-44,5000000,varKode,7,datasets/varKodes/S-44@00005000K+k7.png,family:Malpighiaceae;genus:Stigmaphyllon;species:S_ellipticum,False
1540,5000000,varKode,7,datasets/varKodes/1540@00005000K+k7.png,family:Malpighiaceae;genus:Carolus,False
1653,50153000,varKode,7,datasets/varKodes/1653@00050153K+k7.png,family:Malpighiaceae;genus:Galphimia,False
S-47,100000000,varKode,7,datasets/varKodes/S-47@00100000K+k7.png,family:Malpighiaceae;genus:Stigmaphyllon;species:S_ellipticum,False
S-5,200000000,varKode,7,datasets/varKodes/S-5@00200000K+k7.png,family:Malpighiaceae;genus:Stigmaphyllon;species:S_paralias,False
2763,87622000,varKode,7,datasets/varKodes/2763@00087622K+k7.png,family:Malpighiaceae;genus:Byrsonima,False
655,10000000,varKode,7,datasets/varKodes/655@00010000K+k7.png,family:Malpighiaceae;genus:Burdachia,False
C-265,200000000,varKode,7,datasets/varKodes/C-265@00200000K+k7.png,family:Chrysobalanaceae;genus:Acioa,False
1570,1000000,varKode,7,datasets/varKodes/1570@00001000K+k7.png,family:Malpighiaceae;genus:Malpighiodes,False
944,5000000,varKode,7,datasets/varKodes/944@00005000K+k7.png,family:Malpighiaceae;genus:Tetrapterys,False
1703,1000000,varKode,7,datasets/varKodes/1703@00001000K+k7.png,family:Malpighiaceae;genus:Callaeum,False
S-49,2000000,varKode,7,datasets/varKodes/S-49@00002000K+k7.png,family:Malpighiaceae;genus:Stigmaphyllon;species:S_ellipticum,False
3536,20000000,varKode,7,datasets/varKodes/3536@00020000K+k7.png,family:Malpighiaceae;genus:Banisteriopsis,False
S-75,5000000,varKode,7,datasets/varKodes/S-75@00005000K+k7.png,family:Malpighiaceae;genus:Stigmaphyllon;species:S_lindenianum,False
1285,44243000,varKode,7,datasets/varKodes/1285@00044243K+k7.png,family:Malpighiaceae;genus:Aspidopterys,False
3527,156596000,varKode,7,datasets/varKodes/3527@00156596K+k7.png,family:Malpighiaceae;genus:Banisteriopsis,False
2065,54128000,varKode,7,datasets/varKodes/2065@00054128K+k7.png,family:Malpighiaceae;genus:Mascagnia,False
3338,100000000,varKode,7,datasets/varKodes/3338@00100000K+k7.png,family:Malpighiaceae;genus:Amorimia,False
3384,500000,varKode,7,datasets/varKodes/3384@00000500K+k7.png,family:Malpighiaceae;genus:Malpighia,False
S-38,20000000,varKode,7,datasets/varKodes/S-38@00020000K+k7.png,family:Malpighiaceae;genus:Stigmaphyllon;species:S_bonariense,False
C-387,100000000,varKode,7,datasets/varKodes/C-387@00100000K+k7.png,family:Chrysobalanaceae;genus:Dactyladenia,False
S-33,50000000,varKode,7,datasets/varKodes/S-33@00050000K+k7.png,family:Malpighiaceae;genus:Stigmaphyllon;species:S_bonariense,False
1705,50000000,varKode,7,datasets/varKodes/1705@00050000K+k7.png,family:Malpighiaceae;genus:Dicella,False
3345,500000,varKode,7,datasets/varKodes/3345@00000500K+k7.png,family:Malpighiaceae;genus:Blepharandra,False
S-75,500000,varKode,7,datasets/varKodes/S-75@00000500K+k7.png,family:Malpighiaceae;genus:Stigmaphyllon;species:S_lindenianum,False
2763,5000000,varKode,7,datasets/varKodes/2763@00005000K+k7.png,family:Malpighiaceae;genus:Byrsonima,False
S-11,50000000,varKode,7,datasets/varKodes/S-11@00050000K+k7.png,family:Malpighiaceae;genus:Stigmaphyllon;species:S_ciliatum,False
710,2000000,varKode,7,datasets/varKodes/710@00002000K+k7.png,family:Malpighiaceae;genus:Blepharandra,False
1531,10000000,varKode,7,datasets/varKodes/1531@00010000K+k7.png,family:Malpighiaceae;genus:Amorimia,False
2906,2000000,varKode,7,datasets/varKodes/2906@00002000K+k7.png,family:Elatinaceae;genus:Elatine,False
654,20000000,varKode,7,datasets/varKodes/654@00020000K+k7.png,family:Malpighiaceae;genus:Acmanthera,False
C-181,100000000,varKode,7,datasets/varKodes/C-181@00100000K+k7.png,family:Chrysobalanaceae;genus:Licania,False
S-42,50000000,varKode,7,datasets/varKodes/S-42@00050000K+k7.png,family:Malpighiaceae;genus:Stigmaphyllon;species:S_ellipticum,False
2065,10000000,varKode,7,datasets/varKodes/2065@00010000K+k7.png,family:Malpighiaceae;genus:Mascagnia,False
S-22,1000000,varKode,7,datasets/varKodes/S-22@00001000K+k7.png,family:Malpighiaceae;genus:Stigmaphyllon;species:S_jatrophifolium,False
3340,47712000,varKode,7,datasets/varKodes/3340@00047712K+k7.png,family:Malpighiaceae;genus:Aspidopterys,False
3518,20000000,varKode,7,datasets/varKodes/3518@00020000K+k7.png,family:Malpighiaceae;genus:Amorimia,False
1939,5000000,varKode,7,datasets/varKodes/1939@00005000K+k7.png,family:Malpighiaceae;genus:Diplopterys,False
3600,20000000,varKode,7,datasets/varKodes/3600@00020000K+k7.png,family:Malpighiaceae;genus:Dicella,False
3955,1000000,varKode,7,datasets/varKodes/3955@00001000K+k7.png,family:Malpighiaceae;genus:Byrsonima,False
3676,5000000,varKode,7,datasets/varKodes/3676@00005000K+k7.png,family:Malpighiaceae;genus:Tetrapterys,False
S-57,115125000,varKode,7,datasets/varKodes/S-57@00115125K+k7.png,family:Malpighiaceae;genus:Stigmaphyllon;species:S_emarginatum,False
S-34,1000000,varKode,7,datasets/varKodes/S-34@00001000K+k7.png,family:Malpighiaceae;genus:Stigmaphyllon;species:S_bonariense,True
2960,50000000,varKode,7,datasets/varKodes/2960@00050000K+k7.png,family:Malpighiaceae;genus:Banisteriopsis,False
C-303,2000000,varKode,7,datasets/varKodes/C-303@00002000K+k7.png,family:Chrysobalanaceae;genus:Licania,False
3231,50000000,varKode,7,datasets/varKodes/3231@00050000K+k7.png,family:Malpighiaceae;genus:Malpighia,False
S-46,50000000,varKode,7,datasets/varKodes/S-46@00050000K+k7.png,family:Malpighiaceae;genus:Stigmaphyllon;species:S_ellipticum,False
S-3,500000,varKode,7,datasets/varKodes/S-3@00000500K+k7.png,family:Malpighiaceae;genus:Stigmaphyllon;species:S_paralias,False
C-259,20000000,varKode,7,datasets/varKodes/C-259@00020000K+k7.png,family:Chrysobalanaceae;genus:Hirtella,False
C-342,1000000,varKode,7,datasets/varKodes/C-342@00001000K+k7.png,family:Chrysobalanaceae;genus:Exellodendron,False
3444,50000000,varKode,7,datasets/varKodes/3444@00050000K+k7.png,family:Malpighiaceae;genus:Thryallis,False
3448,2000000,varKode,7,datasets/varKodes/3448@00002000K+k7.png,family:Malpighiaceae;genus:Acmanthera,False
S-99,1000000,varKode,7,datasets/varKodes/S-99@00001000K+k7.png,family:Malpighiaceae;genus:Stigmaphyllon;species:S_bannisterioides,False
S-59,2000000,varKode,7,datasets/varKodes/S-59@00002000K+k7.png,family:Malpighiaceae;genus:Stigmaphyllon;species:S_emarginatum,False
C-239,20000000,varKode,7,datasets/varKodes/C-239@00020000K+k7.png,family:Chrysobalanaceae;genus:Dactyladenia,False
3013,50000000,varKode,7,datasets/varKodes/3013@00050000K+k7.png,family:Malpighiaceae;genus:Banisteriopsis,False
3234,5000000,varKode,7,datasets/varKodes/3234@00005000K+k7.png,family:Malpighiaceae;genus:Malpighia,False
747,45418000,varKode,7,datasets/varKodes/747@00045418K+k7.png,family:Malpighiaceae;genus:Camarea,False
1540,2000000,varKode,7,datasets/varKodes/1540@00002000K+k7.png,family:Malpighiaceae;genus:Carolus,False
3375,2000000,varKode,7,datasets/varKodes/3375@00002000K+k7.png,family:Malpighiaceae;genus:Hiptage,False
710,20000000,varKode,7,datasets/varKodes/710@00020000K+k7.png,family:Malpighiaceae;genus:Blepharandra,False
3234,1000000,varKode,7,datasets/varKodes/3234@00001000K+k7.png,family:Malpighiaceae;genus:Malpighia,False
S-61,50000000,varKode,7,datasets/varKodes/S-61@00050000K+k7.png,family:Malpighiaceae;genus:Stigmaphyllon;species:S_puberum,False
3594,10000000,varKode,7,datasets/varKodes/3594@00010000K+k7.png,family:Malpighiaceae;genus:Camarea,False
S-99,2000000,varKode,7,datasets/varKodes/S-99@00002000K+k7.png,family:Malpighiaceae;genus:Stigmaphyllon;species:S_bannisterioides,False
S-20,5000000,varKode,7,datasets/varKodes/S-20@00005000K+k7.png,family:Malpighiaceae;genus:Stigmaphyllon;species:S_ciliatum,False
1661,10000000,varKode,7,datasets/varKodes/1661@00010000K+k7.png,family:Malpighiaceae;genus:Microsteira,False
1386,5000000,varKode,7,datasets/varKodes/1386@00005000K+k7.png,family:Malpighiaceae;genus:Microsteira,False
533,5000000,varKode,7,datasets/varKodes/533@00005000K+k7.png,family:Malpighiaceae;genus:Heteropterys,False
S-74,5000000,varKode,7,datasets/varKodes/S-74@00005000K+k7.png,family:Malpighiaceae;genus:Stigmaphyllon;species:S_lindenianum,False
S-66,5000000,varKode,7,datasets/varKodes/S-66@00005000K+k7.png,family:Malpighiaceae;genus:Stigmaphyllon;species:S_puberum,False
2279,10000000,varKode,7,datasets/varKodes/2279@00010000K+k7.png,family:Elatinaceae;genus:Elatine,False
S-95,2000000,varKode,7,datasets/varKodes/S-95@00002000K+k7.png,family:Malpighiaceae;genus:Stigmaphyllon;species:S_bannisterioides,False
3338,1000000,varKode,7,datasets/varKodes/3338@00001000K+k7.png,family:Malpighiaceae;genus:Amorimia,False
C-48,5000000,varKode,7,datasets/varKodes/C-48@00005000K+k7.png,family:Chrysobalanaceae;genus:Licania,False
S-55,50000000,varKode,7,datasets/varKodes/S-55@00050000K+k7.png,family:Malpighiaceae;genus:Stigmaphyllon;species:S_emarginatum,False
2831,5000000,varKode,7,datasets/varKodes/2831@00005000K+k7.png,family:Malpighiaceae;genus:Bunchosia,False
746,5000000,varKode,7,datasets/varKodes/746@00005000K+k7.png,family:Malpighiaceae;genus:Aspicarpa,False
3447,1000000,varKode,7,datasets/varKodes/3447@00001000K+k7.png,family:Malpighiaceae;genus:Acmanthera,False
C-48,500000,varKode,7,datasets/varKodes/C-48@00000500K+k7.png,family:Chrysobalanaceae;genus:Licania,False
S-28,1000000,varKode,7,datasets/varKodes/S-28@00001000K+k7.png,family:Malpighiaceae;genus:Stigmaphyllon;species:S_jatrophifolium,False
3606,5000000,varKode,7,datasets/varKodes/3606@00005000K+k7.png,family:Malpighiaceae;genus:Diplopterys,False
S-8,5000000,varKode,7,datasets/varKodes/S-8@00005000K+k7.png,family:Malpighiaceae;genus:Stigmaphyllon;species:S_paralias,False
743,2000000,varKode,7,datasets/varKodes/743@00002000K+k7.png,family:Malpighiaceae;genus:Mascagnia,False
C-21,20000000,varKode,7,datasets/varKodes/C-21@00020000K+k7.png,family:Chrysobalanaceae;genus:Exellodendron,False
170,1000000,varKode,7,datasets/varKodes/170@00001000K+k7.png,family:Malpighiaceae;genus:Acridocarpus,False
S-22,50000000,varKode,7,datasets/varKodes/S-22@00050000K+k7.png,family:Malpighiaceae;genus:Stigmaphyllon;species:S_jatrophifolium,False
3606,500000,varKode,7,datasets/varKodes/3606@00000500K+k7.png,family:Malpighiaceae;genus:Diplopterys,False
3230,100000000,varKode,7,datasets/varKodes/3230@00100000K+k7.png,family:Malpighiaceae;genus:Malpighia,False
644,81284000,varKode,7,datasets/varKodes/644@00081284K+k7.png,family:Malpighiaceae;genus:Carolus,False
S-63,2000000,varKode,7,datasets/varKodes/S-63@00002000K+k7.png,family:Malpighiaceae;genus:Stigmaphyllon;species:S_puberum,False
2985,1000000,varKode,7,datasets/varKodes/2985@00001000K+k7.png,family:Malpighiaceae;genus:Heteropterys,False
S-26,1000000,varKode,7,datasets/varKodes/S-26@00001000K+k7.png,family:Malpighiaceae;genus:Stigmaphyllon;species:S_jatrophifolium,False
1774,20000000,varKode,7,datasets/varKodes/1774@00020000K+k7.png,family:Malpighiaceae;genus:Bunchosia,False
2650,2000000,varKode,7,datasets/varKodes/2650@00002000K+k7.png,family:Malpighiaceae;genus:Acridocarpus,False
3970,500000,varKode,7,datasets/varKodes/3970@00000500K+k7.png,family:Malpighiaceae;genus:Dicella,False
S-71,100000000,varKode,7,datasets/varKodes/S-71@00100000K+k7.png,family:Malpighiaceae;genus:Stigmaphyllon;species:S_lindenianum,False
S-14,2000000,varKode,7,datasets/varKodes/S-14@00002000K+k7.png,family:Malpighiaceae;genus:Stigmaphyllon;species:S_ciliatum,False
1174,5000000,varKode,7,datasets/varKodes/1174@00005000K+k7.png,family:Malpighiaceae;genus:Triaspis,False
3234,172012000,varKode,7,datasets/varKodes/3234@00172012K+k7.png,family:Malpighiaceae;genus:Malpighia,False
2794,1000000,varKode,7,datasets/varKodes/2794@00001000K+k7.png,family:Malpighiaceae;genus:Byrsonima,False
S-39,20000000,varKode,7,datasets/varKodes/S-39@00020000K+k7.png,family:Malpighiaceae;genus:Stigmaphyllon;species:S_bonariense,False
3452,500000,varKode,7,datasets/varKodes/3452@00000500K+k7.png,family:Malpighiaceae;genus:Diacidia,False
2831,50000000,varKode,7,datasets/varKodes/2831@00050000K+k7.png,family:Malpighiaceae;genus:Bunchosia,False
S-24,1000000,varKode,7,datasets/varKodes/S-24@00001000K+k7.png,family:Malpighiaceae;genus:Stigmaphyllon;species:S_jatrophifolium,False
S-92,1000000,varKode,7,datasets/varKodes/S-92@00001000K+k7.png,family:Malpighiaceae;genus:Stigmaphyllon;species:S_bannisterioides,False
3970,144310000,varKode,7,datasets/varKodes/3970@00144310K+k7.png,family:Malpighiaceae;genus:Dicella,False
S-5,100000000,varKode,7,datasets/varKodes/S-5@00100000K+k7.png,family:Malpighiaceae;genus:Stigmaphyllon;species:S_paralias,False
3447,5000000,varKode,7,datasets/varKodes/3447@00005000K+k7.png,family:Malpighiaceae;genus:Acmanthera,False
679,1000000,varKode,7,datasets/varKodes/679@00001000K+k7.png,family:Malpighiaceae;genus:Bunchosia,False
C-32,10000000,varKode,7,datasets/varKodes/C-32@00010000K+k7.png,family:Chrysobalanaceae;genus:Hirtella,False
1679,2000000,varKode,7,datasets/varKodes/1679@00002000K+k7.png,family:Malpighiaceae;genus:Callaeum,False
S-10,2000000,varKode,7,datasets/varKodes/S-10@00002000K+k7.png,family:Malpighiaceae;genus:Stigmaphyllon;species:S_paralias,False
1324,74742000,varKode,7,datasets/varKodes/1324@00074742K+k7.png,family:Malpighiaceae;genus:Microsteira,False
3519,500000,varKode,7,datasets/varKodes/3519@00000500K+k7.png,family:Malpighiaceae;genus:Aspidopterys,False
2065,5000000,varKode,7,datasets/varKodes/2065@00005000K+k7.png,family:Malpighiaceae;genus:Mascagnia,False
1939,1000000,varKode,7,datasets/varKodes/1939@00001000K+k7.png,family:Malpighiaceae;genus:Diplopterys,False
C-280,1000000,varKode,7,datasets/varKodes/C-280@00001000K+k7.png,family:Chrysobalanaceae;genus:Couepia,False
1582,1000000,varKode,7,datasets/varKodes/1582@00001000K+k7.png,family:Malpighiaceae;genus:Galphimia,False
3122,52168000,varKode,7,datasets/varKodes/3122@00052168K+k7.png,family:Malpighiaceae;genus:Triaspis,False
1717,50000000,varKode,7,datasets/varKodes/1717@00050000K+k7.png,family:Malpighiaceae;genus:Galphimia,False
C-265,1000000,varKode,7,datasets/varKodes/C-265@00001000K+k7.png,family:Chrysobalanaceae;genus:Acioa,False
S-89,50000000,varKode,7,datasets/varKodes/S-89@00050000K+k7.png,family:Malpighiaceae;genus:Stigmaphyllon;species:S_bogotense,False
3966,10000000,varKode,7,datasets/varKodes/3966@00010000K+k7.png,family:Malpighiaceae;genus:Diacidia,False
S-18,500000,varKode,7,datasets/varKodes/S-18@00000500K+k7.png,family:Malpighiaceae;genus:Stigmaphyllon;species:S_ciliatum,False
S-84,500000,varKode,7,datasets/varKodes/S-84@00000500K+k7.png,family:Malpighiaceae;genus:Stigmaphyllon;species:S_bogotense,False
3444,64608000,varKode,7,datasets/varKodes/3444@00064608K+k7.png,family:Malpighiaceae;genus:Thryallis,False
S-93,5000000,varKode,7,datasets/varKodes/S-93@00005000K+k7.png,family:Malpighiaceae;genus:Stigmaphyllon;species:S_bannisterioides,False
3980,50000000,varKode,7,datasets/varKodes/3980@00050000K+k7.png,family:Malpighiaceae;genus:Heteropterys,False
S-57,5000000,varKode,7,datasets/varKodes/S-57@00005000K+k7.png,family:Malpighiaceae;genus:Stigmaphyllon;species:S_emarginatum,False
S-9,20000000,varKode,7,datasets/varKodes/S-9@00020000K+k7.png,family:Malpighiaceae;genus:Stigmaphyllon;species:S_paralias,False
168,10000000,varKode,7,datasets/varKodes/168@00010000K+k7.png,family:Malpighiaceae;genus:Acridocarpus,False
S-11,500000,varKode,7,datasets/varKodes/S-11@00000500K+k7.png,family:Malpighiaceae;genus:Stigmaphyllon;species:S_ciliatum,False
3594,20000000,varKode,7,datasets/varKodes/3594@00020000K+k7.png,family:Malpighiaceae;genus:Camarea,False
C-251,20000000,varKode,7,datasets/varKodes/C-251@00020000K+k7.png,family:Chrysobalanaceae;genus:Hirtella,False
3234,50000000,varKode,7,datasets/varKodes/3234@00050000K+k7.png,family:Malpighiaceae;genus:Malpighia,False
3340,500000,varKode,7,datasets/varKodes/3340@00000500K+k7.png,family:Malpighiaceae;genus:Aspidopterys,False
S-62,5000000,varKode,7,datasets/varKodes/S-62@00005000K+k7.png,family:Malpighiaceae;genus:Stigmaphyllon;species:S_puberum,False
3342,500000,varKode,7,datasets/varKodes/3342@00000500K+k7.png,family:Malpighiaceae;genus:Aspidopterys,False
C-32,500000,varKode,7,datasets/varKodes/C-32@00000500K+k7.png,family:Chrysobalanaceae;genus:Hirtella,False
3211,98132000,varKode,7,datasets/varKodes/3211@00098132K+k7.png,family:Malpighiaceae;genus:Acridocarpus,False
S-99,10000000,varKode,7,datasets/varKodes/S-99@00010000K+k7.png,family:Malpighiaceae;genus:Stigmaphyllon;species:S_bannisterioides,False
S-49,20000000,varKode,7,datasets/varKodes/S-49@00020000K+k7.png,family:Malpighiaceae;genus:Stigmaphyllon;species:S_ellipticum,False
S-9,50639000,varKode,7,datasets/varKodes/S-9@00050639K+k7.png,family:Malpighiaceae;genus:Stigmaphyllon;species:S_paralias,False
C-365,2000000,varKode,7,datasets/varKodes/C-365@00002000K+k7.png,family:Chrysobalanaceae;genus:Gaulettia,False
1716,1000000,varKode,7,datasets/varKodes/1716@00001000K+k7.png,family:Malpighiaceae;genus:Dicella,False
S-82,1000000,varKode,7,datasets/varKodes/S-82@00001000K+k7.png,family:Malpighiaceae;genus:Stigmaphyllon;species:S_bogotense,False
S-30,500000,varKode,7,datasets/varKodes/S-30@00000500K+k7.png,family:Malpighiaceae;genus:Stigmaphyllon;species:S_jatrophifolium,False
1503,2000000,varKode,7,datasets/varKodes/1503@00002000K+k7.png,family:Malpighiaceae;genus:Hiptage,False
1610,200000000,varKode,7,datasets/varKodes/1610@00200000K+k7.png,family:Malpighiaceae;genus:Malpighiodes,False
1382,20000000,varKode,7,datasets/varKodes/1382@00020000K+k7.png,family:Malpighiaceae;genus:Microsteira,False
S-65,50000000,varKode,7,datasets/varKodes/S-65@00050000K+k7.png,family:Malpighiaceae;genus:Stigmaphyllon;species:S_puberum,False
3447,500000,varKode,7,datasets/varKodes/3447@00000500K+k7.png,family:Malpighiaceae;genus:Acmanthera,False
4004,100000000,varKode,7,datasets/varKodes/4004@00100000K+k7.png,family:Malpighiaceae;genus:Triaspis,False
1676,2000000,varKode,7,datasets/varKodes/1676@00002000K+k7.png,family:Malpighiaceae;genus:Aspicarpa,False
C-414,5000000,varKode,7,datasets/varKodes/C-414@00005000K+k7.png,family:Chrysobalanaceae;genus:Licania,False
S-32,50000000,varKode,7,datasets/varKodes/S-32@00050000K+k7.png,family:Malpighiaceae;genus:Stigmaphyllon;species:S_bonariense,False
743,10000000,varKode,7,datasets/varKodes/743@00010000K+k7.png,family:Malpighiaceae;genus:Mascagnia,False
3444,20000000,varKode,7,datasets/varKodes/3444@00020000K+k7.png,family:Malpighiaceae;genus:Thryallis,False
S-93,1000000,varKode,7,datasets/varKodes/S-93@00001000K+k7.png,family:Malpighiaceae;genus:Stigmaphyllon;species:S_bannisterioides,False
C-365,1000000,varKode,7,datasets/varKodes/C-365@00001000K+k7.png,family:Chrysobalanaceae;genus:Gaulettia,False
1699,10000000,varKode,7,datasets/varKodes/1699@00010000K+k7.png,family:Malpighiaceae;genus:Callaeum,False
S-52,50000000,varKode,7,datasets/varKodes/S-52@00050000K+k7.png,family:Malpighiaceae;genus:Stigmaphyllon;species:S_emarginatum,False
S-69,500000,varKode,7,datasets/varKodes/S-69@00000500K+k7.png,family:Malpighiaceae;genus:Stigmaphyllon;species:S_puberum,False
S-2,5000000,varKode,7,datasets/varKodes/S-2@00005000K+k7.png,family:Malpighiaceae;genus:Stigmaphyllon;species:S_paralias,False
C-265,500000,varKode,7,datasets/varKodes/C-265@00000500K+k7.png,family:Chrysobalanaceae;genus:Acioa,False
1717,5000000,varKode,7,datasets/varKodes/1717@00005000K+k7.png,family:Malpighiaceae;genus:Galphimia,False
S-32,100000000,varKode,7,datasets/varKodes/S-32@00100000K+k7.png,family:Malpighiaceae;genus:Stigmaphyllon;species:S_bonariense,False
3356,20000000,varKode,7,datasets/varKodes/3356@00020000K+k7.png,family:Malpighiaceae;genus:Cottsia,False
S-7,2000000,varKode,7,datasets/varKodes/S-7@00002000K+k7.png,family:Malpighiaceae;genus:Stigmaphyllon;species:S_paralias,False
1702,10000000,varKode,7,datasets/varKodes/1702@00010000K+k7.png,family:Malpighiaceae;genus:Callaeum,False
S-4,2000000,varKode,7,datasets/varKodes/S-4@00002000K+k7.png,family:Malpighiaceae;genus:Stigmaphyllon;species:S_paralias,False
S-31,200000000,varKode,7,datasets/varKodes/S-31@00200000K+k7.png,family:Malpighiaceae;genus:Stigmaphyllon;species:S_bonariense,False
S-59,1000000,varKode,7,datasets/varKodes/S-59@00001000K+k7.png,family:Malpighiaceae;genus:Stigmaphyllon;species:S_emarginatum,False
S-70,2000000,varKode,7,datasets/varKodes/S-70@00002000K+k7.png,family:Malpighiaceae;genus:Stigmaphyllon;species:S_puberum,False
3013,5000000,varKode,7,datasets/varKodes/3013@00005000K+k7.png,family:Malpighiaceae;genus:Banisteriopsis,False
1874,2000000,varKode,7,datasets/varKodes/1874@00002000K+k7.png,family:Malpighiaceae;genus:Banisteriopsis,False
C-251,2000000,varKode,7,datasets/varKodes/C-251@00002000K+k7.png,family:Chrysobalanaceae;genus:Hirtella,False
S-22,2000000,varKode,7,datasets/varKodes/S-22@00002000K+k7.png,family:Malpighiaceae;genus:Stigmaphyllon;species:S_jatrophifolium,False
3121,500000,varKode,7,datasets/varKodes/3121@00000500K+k7.png,family:Malpighiaceae;genus:Tristellateia,False
S-11,1000000,varKode,7,datasets/varKodes/S-11@00001000K+k7.png,family:Malpighiaceae;genus:Stigmaphyllon;species:S_ciliatum,False
S-57,500000,varKode,7,datasets/varKodes/S-57@00000500K+k7.png,family:Malpighiaceae;genus:Stigmaphyllon;species:S_emarginatum,False
2764,2000000,varKode,7,datasets/varKodes/2764@00002000K+k7.png,family:Malpighiaceae;genus:Byrsonima,False
3966,200000000,varKode,7,datasets/varKodes/3966@00200000K+k7.png,family:Malpighiaceae;genus:Diacidia,False
3235,10000000,varKode,7,datasets/varKodes/3235@00010000K+k7.png,family:Malpighiaceae;genus:Bunchosia,False
S-76,2000000,varKode,7,datasets/varKodes/S-76@00002000K+k7.png,family:Malpighiaceae;genus:Stigmaphyllon;species:S_lindenianum,False
1915,2000000,varKode,7,datasets/varKodes/1915@00002000K+k7.png,family:Malpighiaceae;genus:Mascagnia,False
2798,2000000,varKode,7,datasets/varKodes/2798@00002000K+k7.png,family:Malpighiaceae;genus:Blepharandra,False
S-24,20000000,varKode,7,datasets/varKodes/S-24@00020000K+k7.png,family:Malpighiaceae;genus:Stigmaphyllon;species:S_jatrophifolium,False
S-92,20000000,varKode,7,datasets/varKodes/S-92@00020000K+k7.png,family:Malpighiaceae;genus:Stigmaphyllon;species:S_bannisterioides,False
S-46,20000000,varKode,7,datasets/varKodes/S-46@00020000K+k7.png,family:Malpighiaceae;genus:Stigmaphyllon;species:S_ellipticum,False
2272,2000000,varKode,7,datasets/varKodes/2272@00002000K+k7.png,family:Elatinaceae;genus:Elatine,False
S-50,10000000,varKode,7,datasets/varKodes/S-50@00010000K+k7.png,family:Malpighiaceae;genus:Stigmaphyllon;species:S_ellipticum,False
S-28,500000,varKode,7,datasets/varKodes/S-28@00000500K+k7.png,family:Malpighiaceae;genus:Stigmaphyllon;species:S_jatrophifolium,False
176,50000000,varKode,7,datasets/varKodes/176@00050000K+k7.png,family:Malpighiaceae;genus:Acridocarpus,False
2711,100000000,varKode,7,datasets/varKodes/2711@00100000K+k7.png,family:Malpighiaceae;genus:Byrsonima,False
3536,10000000,varKode,7,datasets/varKodes/3536@00010000K+k7.png,family:Malpighiaceae;genus:Banisteriopsis,False
S-46,5000000,varKode,7,datasets/varKodes/S-46@00005000K+k7.png,family:Malpighiaceae;genus:Stigmaphyllon;species:S_ellipticum,False
3121,20000000,varKode,7,datasets/varKodes/3121@00020000K+k7.png,family:Malpighiaceae;genus:Tristellateia,False
S-82,50000000,varKode,7,datasets/varKodes/S-82@00050000K+k7.png,family:Malpighiaceae;genus:Stigmaphyllon;species:S_bogotense,False
C-280,50000000,varKode,7,datasets/varKodes/C-280@00050000K+k7.png,family:Chrysobalanaceae;genus:Couepia,False
S-23,100000000,varKode,7,datasets/varKodes/S-23@00100000K+k7.png,family:Malpighiaceae;genus:Stigmaphyllon;species:S_jatrophifolium,False
S-86,200000000,varKode,7,datasets/varKodes/S-86@00200000K+k7.png,family:Malpighiaceae;genus:Stigmaphyllon;species:S_bogotense,False
C-17,200000000,varKode,7,datasets/varKodes/C-17@00200000K+k7.png,family:Chrysobalanaceae;genus:Couepia,False
1860,10000000,varKode,7,datasets/varKodes/1860@00010000K+k7.png,family:Malpighiaceae;genus:Bronwenia,False
1739,2000000,varKode,7,datasets/varKodes/1739@00002000K+k7.png,family:Malpighiaceae;genus:Thryallis,False
3676,50000000,varKode,7,datasets/varKodes/3676@00050000K+k7.png,family:Malpighiaceae;genus:Tetrapterys,False
1946,2000000,varKode,7,datasets/varKodes/1946@00002000K+k7.png,family:Malpighiaceae;genus:Banisteriopsis,False
C-271,20000000,varKode,7,datasets/varKodes/C-271@00020000K+k7.png,family:Chrysobalanaceae;genus:Gaulettia,False
S-60,5000000,varKode,7,datasets/varKodes/S-60@00005000K+k7.png,family:Malpighiaceae;genus:Stigmaphyllon;species:S_emarginatum,False
3729,2000000,varKode,7,datasets/varKodes/3729@00002000K+k7.png,family:Malpighiaceae;genus:Thryallis,False
1502,5000000,varKode,7,datasets/varKodes/1502@00005000K+k7.png,family:Malpighiaceae;genus:Tristellateia,False
3386,1000000,varKode,7,datasets/varKodes/3386@00001000K+k7.png,family:Malpighiaceae;genus:Malpighia,False
743,5000000,varKode,7,datasets/varKodes/743@00005000K+k7.png,family:Malpighiaceae;genus:Mascagnia,False
1740,1000000,varKode,7,datasets/varKodes/1740@00001000K+k7.png,family:Malpighiaceae;genus:Thryallis,False
C-387,5000000,varKode,7,datasets/varKodes/C-387@00005000K+k7.png,family:Chrysobalanaceae;genus:Dactyladenia,False
1739,5000000,varKode,7,datasets/varKodes/1739@00005000K+k7.png,family:Malpighiaceae;genus:Thryallis,False
S-16,50000000,varKode,7,datasets/varKodes/S-16@00050000K+k7.png,family:Malpighiaceae;genus:Stigmaphyllon;species:S_ciliatum,False
3980,100000000,varKode,7,datasets/varKodes/3980@00100000K+k7.png,family:Malpighiaceae;genus:Heteropterys,False
S-10,20000000,varKode,7,datasets/varKodes/S-10@00020000K+k7.png,family:Malpighiaceae;genus:Stigmaphyllon;species:S_paralias,False
S-72,500000,varKode,7,datasets/varKodes/S-72@00000500K+k7.png,family:Malpighiaceae;genus:Stigmaphyllon;species:S_lindenianum,False
655,61206000,varKode,7,datasets/varKodes/655@00061206K+k7.png,family:Malpighiaceae;genus:Burdachia,False
533,500000,varKode,7,datasets/varKodes/533@00000500K+k7.png,family:Malpighiaceae;genus:Heteropterys,False
1936,2000000,varKode,7,datasets/varKodes/1936@00002000K+k7.png,family:Malpighiaceae;genus:Mascagnia,False
3600,500000,varKode,7,datasets/varKodes/3600@00000500K+k7.png,family:Malpighiaceae;genus:Dicella,False
S-19,50000000,varKode,7,datasets/varKodes/S-19@00050000K+k7.png,family:Malpighiaceae;genus:Stigmaphyllon;species:S_ciliatum,False
S-70,20000000,varKode,7,datasets/varKodes/S-70@00020000K+k7.png,family:Malpighiaceae;genus:Stigmaphyllon;species:S_puberum,False
S-94,100000000,varKode,7,datasets/varKodes/S-94@00100000K+k7.png,family:Malpighiaceae;genus:Stigmaphyllon;species:S_bannisterioides,False
S-33,2000000,varKode,7,datasets/varKodes/S-33@00002000K+k7.png,family:Malpighiaceae;genus:Stigmaphyllon;species:S_bonariense,False
3527,10000000,varKode,7,datasets/varKodes/3527@00010000K+k7.png,family:Malpighiaceae;genus:Banisteriopsis,False
S-76,50000000,varKode,7,datasets/varKodes/S-76@00050000K+k7.png,family:Malpighiaceae;genus:Stigmaphyllon;species:S_lindenianum,False
C-227,2000000,varKode,7,datasets/varKodes/C-227@00002000K+k7.png,family:Chrysobalanaceae;genus:Hirtella,False
S-12,500000,varKode,7,datasets/varKodes/S-12@00000500K+k7.png,family:Malpighiaceae;genus:Stigmaphyllon;species:S_ciliatum,False
C-48,20000000,varKode,7,datasets/varKodes/C-48@00020000K+k7.png,family:Chrysobalanaceae;genus:Licania,False
3452,1000000,varKode,7,datasets/varKodes/3452@00001000K+k7.png,family:Malpighiaceae;genus:Diacidia,False
S-59,500000,varKode,7,datasets/varKodes/S-59@00000500K+k7.png,family:Malpighiaceae;genus:Stigmaphyllon;species:S_emarginatum,False
644,10000000,varKode,7,datasets/varKodes/644@00010000K+k7.png,family:Malpighiaceae;genus:Carolus,False
S-19,5000000,varKode,7,datasets/varKodes/S-19@00005000K+k7.png,family:Malpighiaceae;genus:Stigmaphyllon;species:S_ciliatum,False
S-98,500000,varKode,7,datasets/varKodes/S-98@00000500K+k7.png,family:Malpighiaceae;genus:Stigmaphyllon;species:S_bannisterioides,False
3316,10000000,varKode,7,datasets/varKodes/3316@00010000K+k7.png,family:Malpighiaceae;genus:Acmanthera,False
174,10000000,varKode,7,datasets/varKodes/174@00010000K+k7.png,family:Malpighiaceae;genus:Triaspis,False
S-12,200000000,varKode,7,datasets/varKodes/S-12@00200000K+k7.png,family:Malpighiaceae;genus:Stigmaphyllon;species:S_ciliatum,False
S-17,50000000,varKode,7,datasets/varKodes/S-17@00050000K+k7.png,family:Malpighiaceae;genus:Stigmaphyllon;species:S_ciliatum,False
S-68,500000,varKode,7,datasets/varKodes/S-68@00000500K+k7.png,family:Malpighiaceae;genus:Stigmaphyllon;species:S_puberum,False
S-41,1000000,varKode,7,datasets/varKodes/S-41@00001000K+k7.png,family:Malpighiaceae;genus:Stigmaphyllon;species:S_ellipticum,False
S-95,50000000,varKode,7,datasets/varKodes/S-95@00050000K+k7.png,family:Malpighiaceae;genus:Stigmaphyllon;species:S_bannisterioides,False
3680,75676000,varKode,7,datasets/varKodes/3680@00075676K+k7.png,family:Malpighiaceae;genus:Tristellateia,False
1503,100000000,varKode,7,datasets/varKodes/1503@00100000K+k7.png,family:Malpighiaceae;genus:Hiptage,False
1705,10000000,varKode,7,datasets/varKodes/1705@00010000K+k7.png,family:Malpighiaceae;genus:Dicella,False
3680,2000000,varKode,7,datasets/varKodes/3680@00002000K+k7.png,family:Malpighiaceae;genus:Tristellateia,False
S-10,1000000,varKode,7,datasets/varKodes/S-10@00001000K+k7.png,family:Malpighiaceae;genus:Stigmaphyllon;species:S_paralias,False
1382,1000000,varKode,7,datasets/varKodes/1382@00001000K+k7.png,family:Malpighiaceae;genus:Microsteira,False
C-280,100000000,varKode,7,datasets/varKodes/C-280@00100000K+k7.png,family:Chrysobalanaceae;genus:Couepia,False
1705,500000,varKode,7,datasets/varKodes/1705@00000500K+k7.png,family:Malpighiaceae;genus:Dicella,False
S-87,200000000,varKode,7,datasets/varKodes/S-87@00200000K+k7.png,family:Malpighiaceae;genus:Stigmaphyllon;species:S_bogotense,False
1678,49810000,varKode,7,datasets/varKodes/1678@00049810K+k7.png,family:Malpighiaceae;genus:Aspicarpa,False
1182,1000000,varKode,7,datasets/varKodes/1182@00001000K+k7.png,family:Malpighiaceae;genus:Tristellateia,False
1556,2000000,varKode,7,datasets/varKodes/1556@00002000K+k7.png,family:Malpighiaceae;genus:Malpighia,False
1176,10000000,varKode,7,datasets/varKodes/1176@00010000K+k7.png,family:Malpighiaceae;genus:Triaspis,False
S-20,2000000,varKode,7,datasets/varKodes/S-20@00002000K+k7.png,family:Malpighiaceae;genus:Stigmaphyllon;species:S_ciliatum,False
C-393,1000000,varKode,7,datasets/varKodes/C-393@00001000K+k7.png,family:Chrysobalanaceae;genus:Gaulettia,False
3545,5000000,varKode,7,datasets/varKodes/3545@00005000K+k7.png,family:Malpighiaceae;genus:Burdachia,False
S-79,50000000,varKode,7,datasets/varKodes/S-79@00050000K+k7.png,family:Malpighiaceae;genus:Stigmaphyllon;species:S_lindenianum,False
S-25,2000000,varKode,7,datasets/varKodes/S-25@00002000K+k7.png,family:Malpighiaceae;genus:Stigmaphyllon;species:S_jatrophifolium,False
3518,88010000,varKode,7,datasets/varKodes/3518@00088010K+k7.png,family:Malpighiaceae;genus:Amorimia,False
2100,40897000,varKode,7,datasets/varKodes/2100@00040897K+k7.png,family:Malpighiaceae;genus:Callaeum,False
3230,10000000,varKode,7,datasets/varKodes/3230@00010000K+k7.png,family:Malpighiaceae;genus:Malpighia,False
3935,2000000,varKode,7,datasets/varKodes/3935@00002000K+k7.png,family:Malpighiaceae;genus:Bunchosia,False
3970,5000000,varKode,7,datasets/varKodes/3970@00005000K+k7.png,family:Malpighiaceae;genus:Dicella,False
C-40,10000000,varKode,7,datasets/varKodes/C-40@00010000K+k7.png,family:Chrysobalanaceae;genus:Hirtella,False
S-22,100000000,varKode,7,datasets/varKodes/S-22@00100000K+k7.png,family:Malpighiaceae;genus:Stigmaphyllon;species:S_jatrophifolium,False
3519,2000000,varKode,7,datasets/varKodes/3519@00002000K+k7.png,family:Malpighiaceae;genus:Aspidopterys,False
S-10,10000000,varKode,7,datasets/varKodes/S-10@00010000K+k7.png,family:Malpighiaceae;genus:Stigmaphyllon;species:S_paralias,False
2906,32144000,varKode,7,datasets/varKodes/2906@00032144K+k7.png,family:Elatinaceae;genus:Elatine,False
2763,10000000,varKode,7,datasets/varKodes/2763@00010000K+k7.png,family:Malpighiaceae;genus:Byrsonima,False
S-6,2000000,varKode,7,datasets/varKodes/S-6@00002000K+k7.png,family:Malpighiaceae;genus:Stigmaphyllon;species:S_paralias,False
S-67,500000,varKode,7,datasets/varKodes/S-67@00000500K+k7.png,family:Malpighiaceae;genus:Stigmaphyllon;species:S_puberum,False
1770,500000,varKode,7,datasets/varKodes/1770@00000500K+k7.png,family:Malpighiaceae;genus:Bunchosia,False
S-40,2000000,varKode,7,datasets/varKodes/S-40@00002000K+k7.png,family:Malpighiaceae;genus:Stigmaphyllon;species:S_bonariense,False
1703,5000000,varKode,7,datasets/varKodes/1703@00005000K+k7.png,family:Malpighiaceae;genus:Callaeum,False
S-36,5000000,varKode,7,datasets/varKodes/S-36@00005000K+k7.png,family:Malpighiaceae;genus:Stigmaphyllon;species:S_bonariense,False
3341,50000000,varKode,7,datasets/varKodes/3341@00050000K+k7.png,family:Malpighiaceae;genus:Aspidopterys,False
2700,1000000,varKode,7,datasets/varKodes/2700@00001000K+k7.png,family:Malpighiaceae;genus:Byrsonima,False
S-75,100000000,varKode,7,datasets/varKodes/S-75@00100000K+k7.png,family:Malpighiaceae;genus:Stigmaphyllon;species:S_lindenianum,False
270,2000000,varKode,7,datasets/varKodes/270@00002000K+k7.png,family:Malpighiaceae;genus:Microsteira,False
S-97,200000000,varKode,7,datasets/varKodes/S-97@00200000K+k7.png,family:Malpighiaceae;genus:Stigmaphyllon;species:S_bannisterioides,False
S-76,20000000,varKode,7,datasets/varKodes/S-76@00020000K+k7.png,family:Malpighiaceae;genus:Stigmaphyllon;species:S_lindenianum,False
S-52,2000000,varKode,7,datasets/varKodes/S-52@00002000K+k7.png,family:Malpighiaceae;genus:Stigmaphyllon;species:S_emarginatum,False
2764,50000000,varKode,7,datasets/varKodes/2764@00050000K+k7.png,family:Malpighiaceae;genus:Byrsonima,False
2272,10000000,varKode,7,datasets/varKodes/2272@00010000K+k7.png,family:Elatinaceae;genus:Elatine,False
3121,2000000,varKode,7,datasets/varKodes/3121@00002000K+k7.png,family:Malpighiaceae;genus:Tristellateia,False
S-29,10000000,varKode,7,datasets/varKodes/S-29@00010000K+k7.png,family:Malpighiaceae;genus:Stigmaphyllon;species:S_jatrophifolium,False
S-22,10000000,varKode,7,datasets/varKodes/S-22@00010000K+k7.png,family:Malpighiaceae;genus:Stigmaphyllon;species:S_jatrophifolium,False
S-19,10000000,varKode,7,datasets/varKodes/S-19@00010000K+k7.png,family:Malpighiaceae;genus:Stigmaphyllon;species:S_ciliatum,False
710,50000000,varKode,7,datasets/varKodes/710@00050000K+k7.png,family:Malpighiaceae;genus:Blepharandra,False
S-37,50000000,varKode,7,datasets/varKodes/S-37@00050000K+k7.png,family:Malpighiaceae;genus:Stigmaphyllon;species:S_bonariense,False
S-36,20000000,varKode,7,datasets/varKodes/S-36@00020000K+k7.png,family:Malpighiaceae;genus:Stigmaphyllon;species:S_bonariense,False
C-86,50000000,varKode,7,datasets/varKodes/C-86@00050000K+k7.png,family:Chrysobalanaceae;genus:Couepia,False
S-62,1000000,varKode,7,datasets/varKodes/S-62@00001000K+k7.png,family:Malpighiaceae;genus:Stigmaphyllon;species:S_puberum,False
1717,70124000,varKode,7,datasets/varKodes/1717@00070124K+k7.png,family:Malpighiaceae;genus:Galphimia,False
S-39,1000000,varKode,7,datasets/varKodes/S-39@00001000K+k7.png,family:Malpighiaceae;genus:Stigmaphyllon;species:S_bonariense,False
S-20,10000000,varKode,7,datasets/varKodes/S-20@00010000K+k7.png,family:Malpighiaceae;genus:Stigmaphyllon;species:S_ciliatum,False
3235,1000000,varKode,7,datasets/varKodes/3235@00001000K+k7.png,family:Malpighiaceae;genus:Bunchosia,False
1531,500000,varKode,7,datasets/varKodes/1531@00000500K+k7.png,family:Malpighiaceae;genus:Amorimia,False
S-60,10000000,varKode,7,datasets/varKodes/S-60@00010000K+k7.png,family:Malpighiaceae;genus:Stigmaphyllon;species:S_emarginatum,False
2168,50000000,varKode,7,datasets/varKodes/2168@00050000K+k7.png,family:Malpighiaceae;genus:Bunchosia,False
2798,500000,varKode,7,datasets/varKodes/2798@00000500K+k7.png,family:Malpighiaceae;genus:Blepharandra,False
1570,53414000,varKode,7,datasets/varKodes/1570@00053414K+k7.png,family:Malpighiaceae;genus:Malpighiodes,False
S-65,2000000,varKode,7,datasets/varKodes/S-65@00002000K+k7.png,family:Malpighiaceae;genus:Stigmaphyllon;species:S_puberum,False
1936,50000000,varKode,7,datasets/varKodes/1936@00050000K+k7.png,family:Malpighiaceae;genus:Mascagnia,False
3679,1000000,varKode,7,datasets/varKodes/3679@00001000K+k7.png,family:Malpighiaceae;genus:Tristellateia,False
S-95,200000000,varKode,7,datasets/varKodes/S-95@00200000K+k7.png,family:Malpighiaceae;genus:Stigmaphyllon;species:S_bannisterioides,False
S-65,5000000,varKode,7,datasets/varKodes/S-65@00005000K+k7.png,family:Malpighiaceae;genus:Stigmaphyllon;species:S_puberum,False
2763,20000000,varKode,7,datasets/varKodes/2763@00020000K+k7.png,family:Malpighiaceae;genus:Byrsonima,False
2279,500000,varKode,7,datasets/varKodes/2279@00000500K+k7.png,family:Elatinaceae;genus:Elatine,False
2207,31933000,varKode,7,datasets/varKodes/2207@00031933K+k7.png,family:Malpighiaceae;genus:Galphimia,False
S-58,20000000,varKode,7,datasets/varKodes/S-58@00020000K+k7.png,family:Malpighiaceae;genus:Stigmaphyllon;species:S_emarginatum,False
S-91,1000000,varKode,7,datasets/varKodes/S-91@00001000K+k7.png,family:Malpighiaceae;genus:Stigmaphyllon;species:S_bannisterioides,False
1162,10000000,varKode,7,datasets/varKodes/1162@00010000K+k7.png,family:Malpighiaceae;genus:Camarea,False
2100,1000000,varKode,7,datasets/varKodes/2100@00001000K+k7.png,family:Malpighiaceae;genus:Callaeum,False
845,10000000,varKode,7,datasets/varKodes/845@00010000K+k7.png,family:Malpighiaceae;genus:Heteropterys,False
1102,500000,varKode,7,datasets/varKodes/1102@00000500K+k7.png,family:Malpighiaceae;genus:Acridocarpus,False
S-60,100000000,varKode,7,datasets/varKodes/S-60@00100000K+k7.png,family:Malpighiaceae;genus:Stigmaphyllon;species:S_emarginatum,False
S-99,5000000,varKode,7,datasets/varKodes/S-99@00005000K+k7.png,family:Malpighiaceae;genus:Stigmaphyllon;species:S_bannisterioides,False
743,1000000,varKode,7,datasets/varKodes/743@00001000K+k7.png,family:Malpighiaceae;genus:Mascagnia,False
1877,500000,varKode,7,datasets/varKodes/1877@00000500K+k7.png,family:Malpighiaceae;genus:Bronwenia,False
1703,10000000,varKode,7,datasets/varKodes/1703@00010000K+k7.png,family:Malpighiaceae;genus:Callaeum,False
2906,1000000,varKode,7,datasets/varKodes/2906@00001000K+k7.png,family:Elatinaceae;genus:Elatine,False
1165,50000000,varKode,7,datasets/varKodes/1165@00050000K+k7.png,family:Malpighiaceae;genus:Dicella,False
3230,2000000,varKode,7,datasets/varKodes/3230@00002000K+k7.png,family:Malpighiaceae;genus:Malpighia,False
2907,41643000,varKode,7,datasets/varKodes/2907@00041643K+k7.png,family:Elatinaceae;genus:Elatine,False
C-313,10000000,varKode,7,datasets/varKodes/C-313@00010000K+k7.png,family:Chrysobalanaceae;genus:Couepia,False
S-100,1000000,varKode,7,datasets/varKodes/S-100@00001000K+k7.png,family:Malpighiaceae;genus:Stigmaphyllon;species:S_bannisterioides,False
S-85,10000000,varKode,7,datasets/varKodes/S-85@00010000K+k7.png,family:Malpighiaceae;genus:Stigmaphyllon;species:S_bogotense,False
S-97,10000000,varKode,7,datasets/varKodes/S-97@00010000K+k7.png,family:Malpighiaceae;genus:Stigmaphyllon;species:S_bannisterioides,False
3121,10000000,varKode,7,datasets/varKodes/3121@00010000K+k7.png,family:Malpighiaceae;genus:Tristellateia,False
1677,5000000,varKode,7,datasets/varKodes/1677@00005000K+k7.png,family:Malpighiaceae;genus:Aspicarpa,False
S-95,100000000,varKode,7,datasets/varKodes/S-95@00100000K+k7.png,family:Malpighiaceae;genus:Stigmaphyllon;species:S_bannisterioides,False
1382,5000000,varKode,7,datasets/varKodes/1382@00005000K+k7.png,family:Malpighiaceae;genus:Microsteira,False
S-74,200000000,varKode,7,datasets/varKodes/S-74@00200000K+k7.png,family:Malpighiaceae;genus:Stigmaphyllon;species:S_lindenianum,False
S-36,100000000,varKode,7,datasets/varKodes/S-36@00100000K+k7.png,family:Malpighiaceae;genus:Stigmaphyllon;species:S_bonariense,False
S-69,20000000,varKode,7,datasets/varKodes/S-69@00020000K+k7.png,family:Malpighiaceae;genus:Stigmaphyllon;species:S_puberum,False
C-263,50000000,varKode,7,datasets/varKodes/C-263@00050000K+k7.png,family:Chrysobalanaceae;genus:Acioa,False
2831,10000000,varKode,7,datasets/varKodes/2831@00010000K+k7.png,family:Malpighiaceae;genus:Bunchosia,False
747,2000000,varKode,7,datasets/varKodes/747@00002000K+k7.png,family:Malpighiaceae;genus:Camarea,False
S-90,100000000,varKode,7,datasets/varKodes/S-90@00100000K+k7.png,family:Malpighiaceae;genus:Stigmaphyllon;species:S_bogotense,False
S-78,50000000,varKode,7,datasets/varKodes/S-78@00050000K+k7.png,family:Malpighiaceae;genus:Stigmaphyllon;species:S_lindenianum,False
C-48,100000000,varKode,7,datasets/varKodes/C-48@00100000K+k7.png,family:Chrysobalanaceae;genus:Licania,False
1503,10000000,varKode,7,datasets/varKodes/1503@00010000K+k7.png,family:Malpighiaceae;genus:Hiptage,False
S-77,2000000,varKode,7,datasets/varKodes/S-77@00002000K+k7.png,family:Malpighiaceae;genus:Stigmaphyllon;species:S_lindenianum,False
682,50000000,varKode,7,datasets/varKodes/682@00050000K+k7.png,family:Malpighiaceae;genus:Diacidia,False
S-73,2000000,varKode,7,datasets/varKodes/S-73@00002000K+k7.png,family:Malpighiaceae;genus:Stigmaphyllon;species:S_lindenianum,False
3129,5000000,varKode,7,datasets/varKodes/3129@00005000K+k7.png,family:Malpighiaceae;genus:Bunchosia,False
S-82,500000,varKode,7,datasets/varKodes/S-82@00000500K+k7.png,family:Malpighiaceae;genus:Stigmaphyllon;species:S_bogotense,False
2311,100000000,varKode,7,datasets/varKodes/2311@00100000K+k7.png,family:Elatinaceae;genus:Elatine,False
1860,2000000,varKode,7,datasets/varKodes/1860@00002000K+k7.png,family:Malpighiaceae;genus:Bronwenia,False
3966,500000,varKode,7,datasets/varKodes/3966@00000500K+k7.png,family:Malpighiaceae;genus:Diacidia,False
3545,10000000,varKode,7,datasets/varKodes/3545@00010000K+k7.png,family:Malpighiaceae;genus:Burdachia,False
S-92,100000000,varKode,7,datasets/varKodes/S-92@00100000K+k7.png,family:Malpighiaceae;genus:Stigmaphyllon;species:S_bannisterioides,False
S-24,500000,varKode,7,datasets/varKodes/S-24@00000500K+k7.png,family:Malpighiaceae;genus:Stigmaphyllon;species:S_jatrophifolium,False
1946,1000000,varKode,7,datasets/varKodes/1946@00001000K+k7.png,family:Malpighiaceae;genus:Banisteriopsis,False
S-78,500000,varKode,7,datasets/varKodes/S-78@00000500K+k7.png,family:Malpighiaceae;genus:Stigmaphyllon;species:S_lindenianum,False
1905,54936000,varKode,7,datasets/varKodes/1905@00054936K+k7.png,family:Malpighiaceae;genus:Diplopterys,False
1716,500000,varKode,7,datasets/varKodes/1716@00000500K+k7.png,family:Malpighiaceae;genus:Dicella,False
S-26,200000000,varKode,7,datasets/varKodes/S-26@00200000K+k7.png,family:Malpighiaceae;genus:Stigmaphyllon;species:S_jatrophifolium,False
S-36,2000000,varKode,7,datasets/varKodes/S-36@00002000K+k7.png,family:Malpighiaceae;genus:Stigmaphyllon;species:S_bonariense,False
S-65,100000000,varKode,7,datasets/varKodes/S-65@00100000K+k7.png,family:Malpighiaceae;genus:Stigmaphyllon;species:S_puberum,False
C-227,10000000,varKode,7,datasets/varKodes/C-227@00010000K+k7.png,family:Chrysobalanaceae;genus:Hirtella,False
1162,2000000,varKode,7,datasets/varKodes/1162@00002000K+k7.png,family:Malpighiaceae;genus:Camarea,False
2985,10000000,varKode,7,datasets/varKodes/2985@00010000K+k7.png,family:Malpighiaceae;genus:Heteropterys,False
3279,2000000,varKode,7,datasets/varKodes/3279@00002000K+k7.png,family:Malpighiaceae;genus:Heteropterys,False
S-52,1000000,varKode,7,datasets/varKodes/S-52@00001000K+k7.png,family:Malpighiaceae;genus:Stigmaphyllon;species:S_emarginatum,False
S-75,50000000,varKode,7,datasets/varKodes/S-75@00050000K+k7.png,family:Malpighiaceae;genus:Stigmaphyllon;species:S_lindenianum,False
C-303,5000000,varKode,7,datasets/varKodes/C-303@00005000K+k7.png,family:Chrysobalanaceae;genus:Licania,False
S-84,200000000,varKode,7,datasets/varKodes/S-84@00200000K+k7.png,family:Malpighiaceae;genus:Stigmaphyllon;species:S_bogotense,False
C-69,50000000,varKode,7,datasets/varKodes/C-69@00050000K+k7.png,family:Chrysobalanaceae;genus:Couepia,False
S-100,500000,varKode,7,datasets/varKodes/S-100@00000500K+k7.png,family:Malpighiaceae;genus:Stigmaphyllon;species:S_bannisterioides,False
S-46,100000000,varKode,7,datasets/varKodes/S-46@00100000K+k7.png,family:Malpighiaceae;genus:Stigmaphyllon;species:S_ellipticum,False
1174,10000000,varKode,7,datasets/varKodes/1174@00010000K+k7.png,family:Malpighiaceae;genus:Triaspis,False
1089,20000000,varKode,7,datasets/varKodes/1089@00020000K+k7.png,family:Malpighiaceae;genus:Triaspis,False
1845,2000000,varKode,7,datasets/varKodes/1845@00002000K+k7.png,family:Malpighiaceae;genus:Bronwenia,False
S-80,50000000,varKode,7,datasets/varKodes/S-80@00050000K+k7.png,family:Malpighiaceae;genus:Stigmaphyllon;species:S_lindenianum,False
S-24,5000000,varKode,7,datasets/varKodes/S-24@00005000K+k7.png,family:Malpighiaceae;genus:Stigmaphyllon;species:S_jatrophifolium,False
1174,500000,varKode,7,datasets/varKodes/1174@00000500K+k7.png,family:Malpighiaceae;genus:Triaspis,False
S-10,50000000,varKode,7,datasets/varKodes/S-10@00050000K+k7.png,family:Malpighiaceae;genus:Stigmaphyllon;species:S_paralias,False
1162,20000000,varKode,7,datasets/varKodes/1162@00020000K+k7.png,family:Malpighiaceae;genus:Camarea,False
C-393,5000000,varKode,7,datasets/varKodes/C-393@00005000K+k7.png,family:Chrysobalanaceae;genus:Gaulettia,False
S-6,20000000,varKode,7,datasets/varKodes/S-6@00020000K+k7.png,family:Malpighiaceae;genus:Stigmaphyllon;species:S_paralias,False
S-13,1000000,varKode,7,datasets/varKodes/S-13@00001000K+k7.png,family:Malpighiaceae;genus:Stigmaphyllon;species:S_ciliatum,False
760,20000000,varKode,7,datasets/varKodes/760@00020000K+k7.png,family:Malpighiaceae;genus:Hiptage,False
S-94,1000000,varKode,7,datasets/varKodes/S-94@00001000K+k7.png,family:Malpighiaceae;genus:Stigmaphyllon;species:S_bannisterioides,False
3342,93192000,varKode,7,datasets/varKodes/3342@00093192K+k7.png,family:Malpighiaceae;genus:Aspidopterys,False
S-14,50000000,varKode,7,datasets/varKodes/S-14@00050000K+k7.png,family:Malpighiaceae;genus:Stigmaphyllon;species:S_ciliatum,False
1944,10000000,varKode,7,datasets/varKodes/1944@00010000K+k7.png,family:Malpighiaceae;genus:Bronwenia,False
S-48,20000000,varKode,7,datasets/varKodes/S-48@00020000K+k7.png,family:Malpighiaceae;genus:Stigmaphyllon;species:S_ellipticum,False
S-42,200000000,varKode,7,datasets/varKodes/S-42@00200000K+k7.png,family:Malpighiaceae;genus:Stigmaphyllon;species:S_ellipticum,False
S-8,500000,varKode,7,datasets/varKodes/S-8@00000500K+k7.png,family:Malpighiaceae;genus:Stigmaphyllon;species:S_paralias,False
1739,20000000,varKode,7,datasets/varKodes/1739@00020000K+k7.png,family:Malpighiaceae;genus:Thryallis,False
C-130,5000000,varKode,7,datasets/varKodes/C-130@00005000K+k7.png,family:Chrysobalanaceae;genus:Licania,False
1556,5000000,varKode,7,datasets/varKodes/1556@00005000K+k7.png,family:Malpighiaceae;genus:Malpighia,False
S-87,100000000,varKode,7,datasets/varKodes/S-87@00100000K+k7.png,family:Malpighiaceae;genus:Stigmaphyllon;species:S_bogotense,False
3431,20000000,varKode,7,datasets/varKodes/3431@00020000K+k7.png,family:Malpighiaceae;genus:Christianella,False
1877,20000000,varKode,7,datasets/varKodes/1877@00020000K+k7.png,family:Malpighiaceae;genus:Bronwenia,False
1774,10000000,varKode,7,datasets/varKodes/1774@00010000K+k7.png,family:Malpighiaceae;genus:Bunchosia,False
S-53,100000000,varKode,7,datasets/varKodes/S-53@00100000K+k7.png,family:Malpighiaceae;genus:Stigmaphyllon;species:S_emarginatum,False
1556,500000,varKode,7,datasets/varKodes/1556@00000500K+k7.png,family:Malpighiaceae;genus:Malpighia,False
S-82,200000000,varKode,7,datasets/varKodes/S-82@00200000K+k7.png,family:Malpighiaceae;genus:Stigmaphyllon;species:S_bogotense,False
S-51,500000,varKode,7,datasets/varKodes/S-51@00000500K+k7.png,family:Malpighiaceae;genus:Stigmaphyllon;species:S_emarginatum,False
654,5000000,varKode,7,datasets/varKodes/654@00005000K+k7.png,family:Malpighiaceae;genus:Acmanthera,False
174,1000000,varKode,7,datasets/varKodes/174@00001000K+k7.png,family:Malpighiaceae;genus:Triaspis,False
S-55,5000000,varKode,7,datasets/varKodes/S-55@00005000K+k7.png,family:Malpighiaceae;genus:Stigmaphyllon;species:S_emarginatum,False
S-90,500000,varKode,7,datasets/varKodes/S-90@00000500K+k7.png,family:Malpighiaceae;genus:Stigmaphyllon;species:S_bogotense,False
170,500000,varKode,7,datasets/varKodes/170@00000500K+k7.png,family:Malpighiaceae;genus:Acridocarpus,False
1089,10000000,varKode,7,datasets/varKodes/1089@00010000K+k7.png,family:Malpighiaceae;genus:Triaspis,False
S-65,10000000,varKode,7,datasets/varKodes/S-65@00010000K+k7.png,family:Malpighiaceae;genus:Stigmaphyllon;species:S_puberum,False
1386,500000,varKode,7,datasets/varKodes/1386@00000500K+k7.png,family:Malpighiaceae;genus:Microsteira,False
4004,20000000,varKode,7,datasets/varKodes/4004@00020000K+k7.png,family:Malpighiaceae;genus:Triaspis,False
S-29,2000000,varKode,7,datasets/varKodes/S-29@00002000K+k7.png,family:Malpighiaceae;genus:Stigmaphyllon;species:S_jatrophifolium,False
S-70,100000000,varKode,7,datasets/varKodes/S-70@00100000K+k7.png,family:Malpighiaceae;genus:Stigmaphyllon;species:S_puberum,False
S-2,2000000,varKode,7,datasets/varKodes/S-2@00002000K+k7.png,family:Malpighiaceae;genus:Stigmaphyllon;species:S_paralias,False
2960,2000000,varKode,7,datasets/varKodes/2960@00002000K+k7.png,family:Malpighiaceae;genus:Banisteriopsis,False
S-3,5000000,varKode,7,datasets/varKodes/S-3@00005000K+k7.png,family:Malpighiaceae;genus:Stigmaphyllon;species:S_paralias,False
2794,5000000,varKode,7,datasets/varKodes/2794@00005000K+k7.png,family:Malpighiaceae;genus:Byrsonima,False
168,20000000,varKode,7,datasets/varKodes/168@00020000K+k7.png,family:Malpighiaceae;genus:Acridocarpus,False
845,2000000,varKode,7,datasets/varKodes/845@00002000K+k7.png,family:Malpighiaceae;genus:Heteropterys,False
1102,100000000,varKode,7,datasets/varKodes/1102@00100000K+k7.png,family:Malpighiaceae;genus:Acridocarpus,False
3129,50000000,varKode,7,datasets/varKodes/3129@00050000K+k7.png,family:Malpighiaceae;genus:Bunchosia,False
S-16,20000000,varKode,7,datasets/varKodes/S-16@00020000K+k7.png,family:Malpighiaceae;genus:Stigmaphyllon;species:S_ciliatum,False
3340,2000000,varKode,7,datasets/varKodes/3340@00002000K+k7.png,family:Malpighiaceae;genus:Aspidopterys,False
3316,50000000,varKode,7,datasets/varKodes/3316@00050000K+k7.png,family:Malpighiaceae;genus:Acmanthera,False
S-50,5000000,varKode,7,datasets/varKodes/S-50@00005000K+k7.png,family:Malpighiaceae;genus:Stigmaphyllon;species:S_ellipticum,False
S-5,1000000,varKode,7,datasets/varKodes/S-5@00001000K+k7.png,family:Malpighiaceae;genus:Stigmaphyllon;species:S_paralias,False
3640,51525000,varKode,7,datasets/varKodes/3640@00051525K+k7.png,family:Malpighiaceae;genus:Malpighiodes,False
S-67,100000000,varKode,7,datasets/varKodes/S-67@00100000K+k7.png,family:Malpighiaceae;genus:Stigmaphyllon;species:S_puberum,False
2650,500000,varKode,7,datasets/varKodes/2650@00000500K+k7.png,family:Malpighiaceae;genus:Acridocarpus,False
2711,5000000,varKode,7,datasets/varKodes/2711@00005000K+k7.png,family:Malpighiaceae;genus:Byrsonima,False
743,500000,varKode,7,datasets/varKodes/743@00000500K+k7.png,family:Malpighiaceae;genus:Mascagnia,False
S-49,100000000,varKode,7,datasets/varKodes/S-49@00100000K+k7.png,family:Malpighiaceae;genus:Stigmaphyllon;species:S_ellipticum,False
1324,10000000,varKode,7,datasets/varKodes/1324@00010000K+k7.png,family:Malpighiaceae;genus:Microsteira,False
S-22,20000000,varKode,7,datasets/varKodes/S-22@00020000K+k7.png,family:Malpighiaceae;genus:Stigmaphyllon;species:S_jatrophifolium,False
3600,5000000,varKode,7,datasets/varKodes/3600@00005000K+k7.png,family:Malpighiaceae;genus:Dicella,False
S-68,1000000,varKode,7,datasets/varKodes/S-68@00001000K+k7.png,family:Malpighiaceae;genus:Stigmaphyllon;species:S_puberum,False
S-87,1000000,varKode,7,datasets/varKodes/S-87@00001000K+k7.png,family:Malpighiaceae;genus:Stigmaphyllon;species:S_bogotense,False
3594,50000000,varKode,7,datasets/varKodes/3594@00050000K+k7.png,family:Malpighiaceae;genus:Camarea,False
S-54,50000000,varKode,7,datasets/varKodes/S-54@00050000K+k7.png,family:Malpighiaceae;genus:Stigmaphyllon;species:S_emarginatum,False
1165,5000000,varKode,7,datasets/varKodes/1165@00005000K+k7.png,family:Malpighiaceae;genus:Dicella,False
747,5000000,varKode,7,datasets/varKodes/747@00005000K+k7.png,family:Malpighiaceae;genus:Camarea,False
270,500000,varKode,7,datasets/varKodes/270@00000500K+k7.png,family:Malpighiaceae;genus:Microsteira,False
C-414,10000000,varKode,7,datasets/varKodes/C-414@00010000K+k7.png,family:Chrysobalanaceae;genus:Licania,False
S-97,500000,varKode,7,datasets/varKodes/S-97@00000500K+k7.png,family:Malpighiaceae;genus:Stigmaphyllon;species:S_bannisterioides,False
679,5000000,varKode,7,datasets/varKodes/679@00005000K+k7.png,family:Malpighiaceae;genus:Bunchosia,False
596,5000000,varKode,7,datasets/varKodes/596@00005000K+k7.png,family:Malpighiaceae;genus:Cottsia,False
S-88,50000000,varKode,7,datasets/varKodes/S-88@00050000K+k7.png,family:Malpighiaceae;genus:Stigmaphyllon;species:S_bogotense,False
1928,5000000,varKode,7,datasets/varKodes/1928@00005000K+k7.png,family:Malpighiaceae;genus:Diacidia,False
1850,500000,varKode,7,datasets/varKodes/1850@00000500K+k7.png,family:Malpighiaceae;genus:Banisteriopsis,False
3980,157025000,varKode,7,datasets/varKodes/3980@00157025K+k7.png,family:Malpighiaceae;genus:Heteropterys,False
S-41,200000000,varKode,7,datasets/varKodes/S-41@00200000K+k7.png,family:Malpighiaceae;genus:Stigmaphyllon;species:S_ellipticum,False
C-48,1000000,varKode,7,datasets/varKodes/C-48@00001000K+k7.png,family:Chrysobalanaceae;genus:Licania,False
S-4,50000000,varKode,7,datasets/varKodes/S-4@00050000K+k7.png,family:Malpighiaceae;genus:Stigmaphyllon;species:S_paralias,False
C-259,1000000,varKode,7,datasets/varKodes/C-259@00001000K+k7.png,family:Chrysobalanaceae;genus:Hirtella,False
S-16,93637000,varKode,7,datasets/varKodes/S-16@00093637K+k7.png,family:Malpighiaceae;genus:Stigmaphyllon;species:S_ciliatum,False
845,1000000,varKode,7,datasets/varKodes/845@00001000K+k7.png,family:Malpighiaceae;genus:Heteropterys,False
S-84,1000000,varKode,7,datasets/varKodes/S-84@00001000K+k7.png,family:Malpighiaceae;genus:Stigmaphyllon;species:S_bogotense,False
3353,50000000,varKode,7,datasets/varKodes/3353@00050000K+k7.png,family:Malpighiaceae;genus:Camarea,False
S-58,10000000,varKode,7,datasets/varKodes/S-58@00010000K+k7.png,family:Malpighiaceae;genus:Stigmaphyllon;species:S_emarginatum,False
S-72,20000000,varKode,7,datasets/varKodes/S-72@00020000K+k7.png,family:Malpighiaceae;genus:Stigmaphyllon;species:S_lindenianum,False
1853,2000000,varKode,7,datasets/varKodes/1853@00002000K+k7.png,family:Malpighiaceae;genus:Bronwenia,False
S-56,10000000,varKode,7,datasets/varKodes/S-56@00010000K+k7.png,family:Malpighiaceae;genus:Stigmaphyllon;species:S_emarginatum,False
C-136,500000,varKode,7,datasets/varKodes/C-136@00000500K+k7.png,family:Chrysobalanaceae;genus:Exellodendron,False
533,20000000,varKode,7,datasets/varKodes/533@00020000K+k7.png,family:Malpighiaceae;genus:Heteropterys,False
S-69,5000000,varKode,7,datasets/varKodes/S-69@00005000K+k7.png,family:Malpighiaceae;genus:Stigmaphyllon;species:S_puberum,False
3345,92083000,varKode,7,datasets/varKodes/3345@00092083K+k7.png,family:Malpighiaceae;genus:Blepharandra,False
S-23,10000000,varKode,7,datasets/varKodes/S-23@00010000K+k7.png,family:Malpighiaceae;genus:Stigmaphyllon;species:S_jatrophifolium,False
S-97,5000000,varKode,7,datasets/varKodes/S-97@00005000K+k7.png,family:Malpighiaceae;genus:Stigmaphyllon;species:S_bannisterioides,False
S-44,20000000,varKode,7,datasets/varKodes/S-44@00020000K+k7.png,family:Malpighiaceae;genus:Stigmaphyllon;species:S_ellipticum,False
C-129,50000000,varKode,7,datasets/varKodes/C-129@00050000K+k7.png,family:Chrysobalanaceae;genus:Parinari,False
3279,1000000,varKode,7,datasets/varKodes/3279@00001000K+k7.png,family:Malpighiaceae;genus:Heteropterys,False
1534,69977000,varKode,7,datasets/varKodes/1534@00069977K+k7.png,family:Malpighiaceae;genus:Amorimia,False
3431,2000000,varKode,7,datasets/varKodes/3431@00002000K+k7.png,family:Malpighiaceae;genus:Christianella,False
S-26,5000000,varKode,7,datasets/varKodes/S-26@00005000K+k7.png,family:Malpighiaceae;genus:Stigmaphyllon;species:S_jatrophifolium,False
1386,20000000,varKode,7,datasets/varKodes/1386@00020000K+k7.png,family:Malpighiaceae;genus:Microsteira,False
1944,500000,varKode,7,datasets/varKodes/1944@00000500K+k7.png,family:Malpighiaceae;genus:Bronwenia,False
S-46,200000000,varKode,7,datasets/varKodes/S-46@00200000K+k7.png,family:Malpighiaceae;genus:Stigmaphyllon;species:S_ellipticum,False
S-64,500000,varKode,7,datasets/varKodes/S-64@00000500K+k7.png,family:Malpighiaceae;genus:Stigmaphyllon;species:S_puberum,False
1582,500000,varKode,7,datasets/varKodes/1582@00000500K+k7.png,family:Malpighiaceae;genus:Galphimia,False
3220,50000000,varKode,7,datasets/varKodes/3220@00050000K+k7.png,family:Malpighiaceae;genus:Heteropterys,False
3431,5000000,varKode,7,datasets/varKodes/3431@00005000K+k7.png,family:Malpighiaceae;genus:Christianella,False
C-263,2000000,varKode,7,datasets/varKodes/C-263@00002000K+k7.png,family:Chrysobalanaceae;genus:Acioa,False
3338,500000,varKode,7,datasets/varKodes/3338@00000500K+k7.png,family:Malpighiaceae;genus:Amorimia,False
C-271,200000000,varKode,7,datasets/varKodes/C-271@00200000K+k7.png,family:Chrysobalanaceae;genus:Gaulettia,False
S-14,200000000,varKode,7,datasets/varKodes/S-14@00200000K+k7.png,family:Malpighiaceae;genus:Stigmaphyllon;species:S_ciliatum,False
S-13,10000000,varKode,7,datasets/varKodes/S-13@00010000K+k7.png,family:Malpighiaceae;genus:Stigmaphyllon;species:S_ciliatum,False
777,168374000,varKode,7,datasets/varKodes/777@00168374K+k7.png,family:Malpighiaceae;genus:Christianella,False
1182,20000000,varKode,7,datasets/varKodes/1182@00020000K+k7.png,family:Malpighiaceae;genus:Tristellateia,False
S-21,200000000,varKode,7,datasets/varKodes/S-21@00200000K+k7.png,family:Malpighiaceae;genus:Stigmaphyllon;species:S_jatrophifolium,False
S-13,2000000,varKode,7,datasets/varKodes/S-13@00002000K+k7.png,family:Malpighiaceae;genus:Stigmaphyllon;species:S_ciliatum,False
1610,1000000,varKode,7,datasets/varKodes/1610@00001000K+k7.png,family:Malpighiaceae;genus:Malpighiodes,False
S-72,100000000,varKode,7,datasets/varKodes/S-72@00100000K+k7.png,family:Malpighiaceae;genus:Stigmaphyllon;species:S_lindenianum,False
S-71,500000,varKode,7,datasets/varKodes/S-71@00000500K+k7.png,family:Malpighiaceae;genus:Stigmaphyllon;species:S_lindenianum,False
3679,50000000,varKode,7,datasets/varKodes/3679@00050000K+k7.png,family:Malpighiaceae;genus:Tristellateia,False
S-17,20000000,varKode,7,datasets/varKodes/S-17@00020000K+k7.png,family:Malpighiaceae;genus:Stigmaphyllon;species:S_ciliatum,False
1525,2000000,varKode,7,datasets/varKodes/1525@00002000K+k7.png,family:Malpighiaceae;genus:Christianella,False
1661,50000000,varKode,7,datasets/varKodes/1661@00050000K+k7.png,family:Malpighiaceae;genus:Microsteira,False
746,20000000,varKode,7,datasets/varKodes/746@00020000K+k7.png,family:Malpighiaceae;genus:Aspicarpa,False
1534,20000000,varKode,7,datasets/varKodes/1534@00020000K+k7.png,family:Malpighiaceae;genus:Amorimia,False
S-70,10000000,varKode,7,datasets/varKodes/S-70@00010000K+k7.png,family:Malpighiaceae;genus:Stigmaphyllon;species:S_puberum,False
3353,5000000,varKode,7,datasets/varKodes/3353@00005000K+k7.png,family:Malpighiaceae;genus:Camarea,False
1740,500000,varKode,7,datasets/varKodes/1740@00000500K+k7.png,family:Malpighiaceae;genus:Thryallis,False
1102,2000000,varKode,7,datasets/varKodes/1102@00002000K+k7.png,family:Malpighiaceae;genus:Acridocarpus,False
C-313,2000000,varKode,7,datasets/varKodes/C-313@00002000K+k7.png,family:Chrysobalanaceae;genus:Couepia,False
2794,95449000,varKode,7,datasets/varKodes/2794@00095449K+k7.png,family:Malpighiaceae;genus:Byrsonima,False
S-26,100000000,varKode,7,datasets/varKodes/S-26@00100000K+k7.png,family:Malpighiaceae;genus:Stigmaphyllon;species:S_jatrophifolium,False
S-22,200000000,varKode,7,datasets/varKodes/S-22@00200000K+k7.png,family:Malpighiaceae;genus:Stigmaphyllon;species:S_jatrophifolium,False
S-27,1000000,varKode,7,datasets/varKodes/S-27@00001000K+k7.png,family:Malpighiaceae;genus:Stigmaphyllon;species:S_jatrophifolium,False
S-69,1000000,varKode,7,datasets/varKodes/S-69@00001000K+k7.png,family:Malpighiaceae;genus:Stigmaphyllon;species:S_puberum,False
C-32,20000000,varKode,7,datasets/varKodes/C-32@00020000K+k7.png,family:Chrysobalanaceae;genus:Hirtella,False
S-26,2000000,varKode,7,datasets/varKodes/S-26@00002000K+k7.png,family:Malpighiaceae;genus:Stigmaphyllon;species:S_jatrophifolium,False
S-5,10000000,varKode,7,datasets/varKodes/S-5@00010000K+k7.png,family:Malpighiaceae;genus:Stigmaphyllon;species:S_paralias,False
S-57,20000000,varKode,7,datasets/varKodes/S-57@00020000K+k7.png,family:Malpighiaceae;genus:Stigmaphyllon;species:S_emarginatum,False
S-74,500000,varKode,7,datasets/varKodes/S-74@00000500K+k7.png,family:Malpighiaceae;genus:Stigmaphyllon;species:S_lindenianum,False
2907,2000000,varKode,7,datasets/varKodes/2907@00002000K+k7.png,family:Elatinaceae;genus:Elatine,False
S-75,200000000,varKode,7,datasets/varKodes/S-75@00200000K+k7.png,family:Malpighiaceae;genus:Stigmaphyllon;species:S_lindenianum,False
2700,2000000,varKode,7,datasets/varKodes/2700@00002000K+k7.png,family:Malpighiaceae;genus:Byrsonima,False
1739,168997000,varKode,7,datasets/varKodes/1739@00168997K+k7.png,family:Malpighiaceae;genus:Thryallis,False
S-34,500000,varKode,7,datasets/varKodes/S-34@00000500K+k7.png,family:Malpighiaceae;genus:Stigmaphyllon;species:S_bonariense,True
706,74336000,varKode,7,datasets/varKodes/706@00074336K+k7.png,family:Malpighiaceae;genus:Cottsia,False
3419,500000,varKode,7,datasets/varKodes/3419@00000500K+k7.png,family:Malpighiaceae;genus:Tetrapterys,False
S-88,10000000,varKode,7,datasets/varKodes/S-88@00010000K+k7.png,family:Malpighiaceae;genus:Stigmaphyllon;species:S_bogotense,False
3220,98664000,varKode,7,datasets/varKodes/3220@00098664K+k7.png,family:Malpighiaceae;genus:Heteropterys,False
1739,1000000,varKode,7,datasets/varKodes/1739@00001000K+k7.png,family:Malpighiaceae;genus:Thryallis,False
3386,10000000,varKode,7,datasets/varKodes/3386@00010000K+k7.png,family:Malpighiaceae;genus:Malpighia,False
3640,20000000,varKode,7,datasets/varKodes/3640@00020000K+k7.png,family:Malpighiaceae;genus:Malpighiodes,False
3676,20000000,varKode,7,datasets/varKodes/3676@00020000K+k7.png,family:Malpighiaceae;genus:Tetrapterys,False
1314,20000000,varKode,7,datasets/varKodes/1314@00020000K+k7.png,family:Malpighiaceae;genus:Hiptage,False
S-54,5000000,varKode,7,datasets/varKodes/S-54@00005000K+k7.png,family:Malpighiaceae;genus:Stigmaphyllon;species:S_emarginatum,False
1874,36288000,varKode,7,datasets/varKodes/1874@00036288K+k7.png,family:Malpighiaceae;genus:Banisteriopsis,False
1774,50000000,varKode,7,datasets/varKodes/1774@00050000K+k7.png,family:Malpighiaceae;genus:Bunchosia,False
C-181,200000000,varKode,7,datasets/varKodes/C-181@00200000K+k7.png,family:Chrysobalanaceae;genus:Licania,False
682,57623000,varKode,7,datasets/varKodes/682@00057623K+k7.png,family:Malpighiaceae;genus:Diacidia,False
3220,10000000,varKode,7,datasets/varKodes/3220@00010000K+k7.png,family:Malpighiaceae;genus:Heteropterys,False
1905,1000000,varKode,7,datasets/varKodes/1905@00001000K+k7.png,family:Malpighiaceae;genus:Diplopterys,False
S-24,10000000,varKode,7,datasets/varKodes/S-24@00010000K+k7.png,family:Malpighiaceae;genus:Stigmaphyllon;species:S_jatrophifolium,False
3231,2000000,varKode,7,datasets/varKodes/3231@00002000K+k7.png,family:Malpighiaceae;genus:Malpighia,False
S-63,100000000,varKode,7,datasets/varKodes/S-63@00100000K+k7.png,family:Malpighiaceae;genus:Stigmaphyllon;species:S_puberum,False
3349,10000000,varKode,7,datasets/varKodes/3349@00010000K+k7.png,family:Malpighiaceae;genus:Burdachia,False
1240,1000000,varKode,7,datasets/varKodes/1240@00001000K+k7.png,family:Malpighiaceae;genus:Diplopterys,False
S-15,10000000,varKode,7,datasets/varKodes/S-15@00010000K+k7.png,family:Malpighiaceae;genus:Stigmaphyllon;species:S_ciliatum,False
S-8,1000000,varKode,7,datasets/varKodes/S-8@00001000K+k7.png,family:Malpighiaceae;genus:Stigmaphyllon;species:S_paralias,False
S-27,200000000,varKode,7,datasets/varKodes/S-27@00200000K+k7.png,family:Malpighiaceae;genus:Stigmaphyllon;species:S_jatrophifolium,False
S-63,5000000,varKode,7,datasets/varKodes/S-63@00005000K+k7.png,family:Malpighiaceae;genus:Stigmaphyllon;species:S_puberum,False
1570,2000000,varKode,7,datasets/varKodes/1570@00002000K+k7.png,family:Malpighiaceae;genus:Malpighiodes,False
S-31,10000000,varKode,7,datasets/varKodes/S-31@00010000K+k7.png,family:Malpighiaceae;genus:Stigmaphyllon;species:S_bonariense,False
1853,43070000,varKode,7,datasets/varKodes/1853@00043070K+k7.png,family:Malpighiaceae;genus:Bronwenia,False
S-48,1000000,varKode,7,datasets/varKodes/S-48@00001000K+k7.png,family:Malpighiaceae;genus:Stigmaphyllon;species:S_ellipticum,False
3595,500000,varKode,7,datasets/varKodes/3595@00000500K+k7.png,family:Malpighiaceae;genus:Christianella,False
S-73,5000000,varKode,7,datasets/varKodes/S-73@00005000K+k7.png,family:Malpighiaceae;genus:Stigmaphyllon;species:S_lindenianum,False
1314,10000000,varKode,7,datasets/varKodes/1314@00010000K+k7.png,family:Malpighiaceae;genus:Hiptage,False
1538,10000000,varKode,7,datasets/varKodes/1538@00010000K+k7.png,family:Malpighiaceae;genus:Carolus,False
S-59,50000000,varKode,7,datasets/varKodes/S-59@00050000K+k7.png,family:Malpighiaceae;genus:Stigmaphyllon;species:S_emarginatum,False
1182,2000000,varKode,7,datasets/varKodes/1182@00002000K+k7.png,family:Malpighiaceae;genus:Tristellateia,False
S-80,100000000,varKode,7,datasets/varKodes/S-80@00100000K+k7.png,family:Malpighiaceae;genus:Stigmaphyllon;species:S_lindenianum,False
821,33356000,varKode,7,datasets/varKodes/821@00033356K+k7.png,family:Malpighiaceae;genus:Mascagnia,False
1850,5000000,varKode,7,datasets/varKodes/1850@00005000K+k7.png,family:Malpighiaceae;genus:Banisteriopsis,False
1531,2000000,varKode,7,datasets/varKodes/1531@00002000K+k7.png,family:Malpighiaceae;genus:Amorimia,False
S-29,500000,varKode,7,datasets/varKodes/S-29@00000500K+k7.png,family:Malpighiaceae;genus:Stigmaphyllon;species:S_jatrophifolium,False
S-58,50000000,varKode,7,datasets/varKodes/S-58@00050000K+k7.png,family:Malpighiaceae;genus:Stigmaphyllon;species:S_emarginatum,False
S-27,2000000,varKode,7,datasets/varKodes/S-27@00002000K+k7.png,family:Malpighiaceae;genus:Stigmaphyllon;species:S_jatrophifolium,False
S-42,500000,varKode,7,datasets/varKodes/S-42@00000500K+k7.png,family:Malpighiaceae;genus:Stigmaphyllon;species:S_ellipticum,False
3594,66017000,varKode,7,datasets/varKodes/3594@00066017K+k7.png,family:Malpighiaceae;genus:Camarea,False
S-1,10000000,varKode,7,datasets/varKodes/S-1@00010000K+k7.png,family:Malpighiaceae;genus:Stigmaphyllon;species:S_paralias,False
2909,10000000,varKode,7,datasets/varKodes/2909@00010000K+k7.png,family:Elatinaceae;genus:Elatine,False
C-296,20000000,varKode,7,datasets/varKodes/C-296@00020000K+k7.png,family:Chrysobalanaceae;genus:Parinari,False
1534,2000000,varKode,7,datasets/varKodes/1534@00002000K+k7.png,family:Malpighiaceae;genus:Amorimia,False
2311,500000,varKode,7,datasets/varKodes/2311@00000500K+k7.png,family:Elatinaceae;genus:Elatine,False
2764,20000000,varKode,7,datasets/varKodes/2764@00020000K+k7.png,family:Malpighiaceae;genus:Byrsonima,False
C-86,100000000,varKode,7,datasets/varKodes/C-86@00100000K+k7.png,family:Chrysobalanaceae;genus:Couepia,False
1582,20000000,varKode,7,datasets/varKodes/1582@00020000K+k7.png,family:Malpighiaceae;genus:Galphimia,False
S-52,200000000,varKode,7,datasets/varKodes/S-52@00200000K+k7.png,family:Malpighiaceae;genus:Stigmaphyllon;species:S_emarginatum,False
S-84,20000000,varKode,7,datasets/varKodes/S-84@00020000K+k7.png,family:Malpighiaceae;genus:Stigmaphyllon;species:S_bogotense,False
2700,100000000,varKode,7,datasets/varKodes/2700@00100000K+k7.png,family:Malpighiaceae;genus:Byrsonima,False
S-74,2000000,varKode,7,datasets/varKodes/S-74@00002000K+k7.png,family:Malpighiaceae;genus:Stigmaphyllon;species:S_lindenianum,False
S-10,200000000,varKode,7,datasets/varKodes/S-10@00200000K+k7.png,family:Malpighiaceae;genus:Stigmaphyllon;species:S_paralias,False
3230,1000000,varKode,7,datasets/varKodes/3230@00001000K+k7.png,family:Malpighiaceae;genus:Malpighia,False
S-36,50000000,varKode,7,datasets/varKodes/S-36@00050000K+k7.png,family:Malpighiaceae;genus:Stigmaphyllon;species:S_bonariense,False
3431,500000,varKode,7,datasets/varKodes/3431@00000500K+k7.png,family:Malpighiaceae;genus:Christianella,False
C-387,20000000,varKode,7,datasets/varKodes/C-387@00020000K+k7.png,family:Chrysobalanaceae;genus:Dactyladenia,False
C-48,10000000,varKode,7,datasets/varKodes/C-48@00010000K+k7.png,family:Chrysobalanaceae;genus:Licania,False
3966,20000000,varKode,7,datasets/varKodes/3966@00020000K+k7.png,family:Malpighiaceae;genus:Diacidia,False
1705,149289000,varKode,7,datasets/varKodes/1705@00149289K+k7.png,family:Malpighiaceae;genus:Dicella,False
S-41,2000000,varKode,7,datasets/varKodes/S-41@00002000K+k7.png,family:Malpighiaceae;genus:Stigmaphyllon;species:S_ellipticum,False
3316,5000000,varKode,7,datasets/varKodes/3316@00005000K+k7.png,family:Malpighiaceae;genus:Acmanthera,False
3357,10000000,varKode,7,datasets/varKodes/3357@00010000K+k7.png,family:Malpighiaceae;genus:Diacidia,False
S-9,10000000,varKode,7,datasets/varKodes/S-9@00010000K+k7.png,family:Malpighiaceae;genus:Stigmaphyllon;species:S_paralias,False
S-78,5000000,varKode,7,datasets/varKodes/S-78@00005000K+k7.png,family:Malpighiaceae;genus:Stigmaphyllon;species:S_lindenianum,False
1939,20000000,varKode,7,datasets/varKodes/1939@00020000K+k7.png,family:Malpighiaceae;genus:Diplopterys,False
270,5000000,varKode,7,datasets/varKodes/270@00005000K+k7.png,family:Malpighiaceae;genus:Microsteira,False
S-16,5000000,varKode,7,datasets/varKodes/S-16@00005000K+k7.png,family:Malpighiaceae;genus:Stigmaphyllon;species:S_ciliatum,False
3279,20000000,varKode,7,datasets/varKodes/3279@00020000K+k7.png,family:Malpighiaceae;genus:Heteropterys,False
S-25,10000000,varKode,7,datasets/varKodes/S-25@00010000K+k7.png,family:Malpighiaceae;genus:Stigmaphyllon;species:S_jatrophifolium,False
S-67,2000000,varKode,7,datasets/varKodes/S-67@00002000K+k7.png,family:Malpighiaceae;genus:Stigmaphyllon;species:S_puberum,False
644,2000000,varKode,7,datasets/varKodes/644@00002000K+k7.png,family:Malpighiaceae;genus:Carolus,False
S-69,200000000,varKode,7,datasets/varKodes/S-69@00200000K+k7.png,family:Malpighiaceae;genus:Stigmaphyllon;species:S_puberum,False
S-88,200000000,varKode,7,datasets/varKodes/S-88@00200000K+k7.png,family:Malpighiaceae;genus:Stigmaphyllon;species:S_bogotense,False
S-11,5000000,varKode,7,datasets/varKodes/S-11@00005000K+k7.png,family:Malpighiaceae;genus:Stigmaphyllon;species:S_ciliatum,False
1538,5000000,varKode,7,datasets/varKodes/1538@00005000K+k7.png,family:Malpighiaceae;genus:Carolus,False
C-500,50000000,varKode,7,datasets/varKodes/C-500@00050000K+k7.png,family:Chrysobalanaceae;genus:Dactyladenia,False
2168,5000000,varKode,7,datasets/varKodes/2168@00005000K+k7.png,family:Malpighiaceae;genus:Bunchosia,False
1850,10000000,varKode,7,datasets/varKodes/1850@00010000K+k7.png,family:Malpighiaceae;genus:Banisteriopsis,False
2794,20000000,varKode,7,datasets/varKodes/2794@00020000K+k7.png,family:Malpighiaceae;genus:Byrsonima,False
3452,2000000,varKode,7,datasets/varKodes/3452@00002000K+k7.png,family:Malpighiaceae;genus:Diacidia,False
S-48,100000000,varKode,7,datasets/varKodes/S-48@00100000K+k7.png,family:Malpighiaceae;genus:Stigmaphyllon;species:S_ellipticum,False
S-18,20000000,varKode,7,datasets/varKodes/S-18@00020000K+k7.png,family:Malpighiaceae;genus:Stigmaphyllon;species:S_ciliatum,False
596,1000000,varKode,7,datasets/varKodes/596@00001000K+k7.png,family:Malpighiaceae;genus:Cottsia,False
3341,10000000,varKode,7,datasets/varKodes/3341@00010000K+k7.png,family:Malpighiaceae;genus:Aspidopterys,False
1240,50000000,varKode,7,datasets/varKodes/1240@00050000K+k7.png,family:Malpighiaceae;genus:Diplopterys,False
3600,55361000,varKode,7,datasets/varKodes/3600@00055361K+k7.png,family:Malpighiaceae;genus:Dicella,False
C-130,1000000,varKode,7,datasets/varKodes/C-130@00001000K+k7.png,family:Chrysobalanaceae;genus:Licania,False
C-263,200000000,varKode,7,datasets/varKodes/C-263@00200000K+k7.png,family:Chrysobalanaceae;genus:Acioa,False
C-86,200000000,varKode,7,datasets/varKodes/C-86@00200000K+k7.png,family:Chrysobalanaceae;genus:Couepia,False
1853,10000000,varKode,7,datasets/varKodes/1853@00010000K+k7.png,family:Malpighiaceae;genus:Bronwenia,False
C-17,500000,varKode,7,datasets/varKodes/C-17@00000500K+k7.png,family:Chrysobalanaceae;genus:Couepia,False
S-15,100000000,varKode,7,datasets/varKodes/S-15@00100000K+k7.png,family:Malpighiaceae;genus:Stigmaphyllon;species:S_ciliatum,False
3349,100000000,varKode,7,datasets/varKodes/3349@00100000K+k7.png,family:Malpighiaceae;genus:Burdachia,False
2907,5000000,varKode,7,datasets/varKodes/2907@00005000K+k7.png,family:Elatinaceae;genus:Elatine,False
2647,10000000,varKode,7,datasets/varKodes/2647@00010000K+k7.png,family:Malpighiaceae;genus:Galphimia,False
2960,20000000,varKode,7,datasets/varKodes/2960@00020000K+k7.png,family:Malpighiaceae;genus:Banisteriopsis,False
3316,500000,varKode,7,datasets/varKodes/3316@00000500K+k7.png,family:Malpighiaceae;genus:Acmanthera,False
C-17,5000000,varKode,7,datasets/varKodes/C-17@00005000K+k7.png,family:Chrysobalanaceae;genus:Couepia,False
C-227,200000000,varKode,7,datasets/varKodes/C-227@00200000K+k7.png,family:Chrysobalanaceae;genus:Hirtella,False
3519,1000000,varKode,7,datasets/varKodes/3519@00001000K+k7.png,family:Malpighiaceae;genus:Aspidopterys,False
1174,1000000,varKode,7,datasets/varKodes/1174@00001000K+k7.png,family:Malpighiaceae;genus:Triaspis,False
3353,10000000,varKode,7,datasets/varKodes/3353@00010000K+k7.png,family:Malpighiaceae;genus:Camarea,False
C-414,1000000,varKode,7,datasets/varKodes/C-414@00001000K+k7.png,family:Chrysobalanaceae;genus:Licania,False
1240,2000000,varKode,7,datasets/varKodes/1240@00002000K+k7.png,family:Malpighiaceae;genus:Diplopterys,False
S-6,5000000,varKode,7,datasets/varKodes/S-6@00005000K+k7.png,family:Malpighiaceae;genus:Stigmaphyllon;species:S_paralias,False
2657,500000,varKode,7,datasets/varKodes/2657@00000500K+k7.png,family:Malpighiaceae;genus:Hiptage,False
S-96,50000000,varKode,7,datasets/varKodes/S-96@00050000K+k7.png,family:Malpighiaceae;genus:Stigmaphyllon;species:S_bannisterioides,False
3640,500000,varKode,7,datasets/varKodes/3640@00000500K+k7.png,family:Malpighiaceae;genus:Malpighiodes,False
1102,20000000,varKode,7,datasets/varKodes/1102@00020000K+k7.png,family:Malpighiaceae;genus:Acridocarpus,False
1165,500000,varKode,7,datasets/varKodes/1165@00000500K+k7.png,family:Malpighiaceae;genus:Dicella,False
2693,100000000,varKode,7,datasets/varKodes/2693@00100000K+k7.png,family:Malpighiaceae;genus:Byrsonima,False
3970,50000000,varKode,7,datasets/varKodes/3970@00050000K+k7.png,family:Malpighiaceae;genus:Dicella,False
C-313,1000000,varKode,7,datasets/varKodes/C-313@00001000K+k7.png,family:Chrysobalanaceae;genus:Couepia,False
777,20000000,varKode,7,datasets/varKodes/777@00020000K+k7.png,family:Malpighiaceae;genus:Christianella,False
2272,100000000,varKode,7,datasets/varKodes/2272@00100000K+k7.png,family:Elatinaceae;genus:Elatine,False
C-271,500000,varKode,7,datasets/varKodes/C-271@00000500K+k7.png,family:Chrysobalanaceae;genus:Gaulettia,False
2909,500000,varKode,7,datasets/varKodes/2909@00000500K+k7.png,family:Elatinaceae;genus:Elatine,False
2960,5000000,varKode,7,datasets/varKodes/2960@00005000K+k7.png,family:Malpighiaceae;genus:Banisteriopsis,False
170,100000000,varKode,7,datasets/varKodes/170@00100000K+k7.png,family:Malpighiaceae;genus:Acridocarpus,False
S-64,20000000,varKode,7,datasets/varKodes/S-64@00020000K+k7.png,family:Malpighiaceae;genus:Stigmaphyllon;species:S_puberum,False
C-129,2000000,varKode,7,datasets/varKodes/C-129@00002000K+k7.png,family:Chrysobalanaceae;genus:Parinari,False
3448,1000000,varKode,7,datasets/varKodes/3448@00001000K+k7.png,family:Malpighiaceae;genus:Acmanthera,False
S-77,500000,varKode,7,datasets/varKodes/S-77@00000500K+k7.png,family:Malpighiaceae;genus:Stigmaphyllon;species:S_lindenianum,False
1946,28836000,varKode,7,datasets/varKodes/1946@00028836K+k7.png,family:Malpighiaceae;genus:Banisteriopsis,False
S-1,50000000,varKode,7,datasets/varKodes/S-1@00050000K+k7.png,family:Malpighiaceae;genus:Stigmaphyllon;species:S_paralias,False
2065,20000000,varKode,7,datasets/varKodes/2065@00020000K+k7.png,family:Malpighiaceae;genus:Mascagnia,False
3235,2000000,varKode,7,datasets/varKodes/3235@00002000K+k7.png,family:Malpighiaceae;genus:Bunchosia,False
3122,20000000,varKode,7,datasets/varKodes/3122@00020000K+k7.png,family:Malpighiaceae;genus:Triaspis,False
2693,20000000,varKode,7,datasets/varKodes/2693@00020000K+k7.png,family:Malpighiaceae;genus:Byrsonima,False
S-4,1000000,varKode,7,datasets/varKodes/S-4@00001000K+k7.png,family:Malpighiaceae;genus:Stigmaphyllon;species:S_paralias,False
S-85,2000000,varKode,7,datasets/varKodes/S-85@00002000K+k7.png,family:Malpighiaceae;genus:Stigmaphyllon;species:S_bogotense,False
C-48,2000000,varKode,7,datasets/varKodes/C-48@00002000K+k7.png,family:Chrysobalanaceae;genus:Licania,False
S-9,2000000,varKode,7,datasets/varKodes/S-9@00002000K+k7.png,family:Malpighiaceae;genus:Stigmaphyllon;species:S_paralias,False
1905,50000000,varKode,7,datasets/varKodes/1905@00050000K+k7.png,family:Malpighiaceae;genus:Diplopterys,False
596,500000,varKode,7,datasets/varKodes/596@00000500K+k7.png,family:Malpighiaceae;genus:Cottsia,False
S-79,10000000,varKode,7,datasets/varKodes/S-79@00010000K+k7.png,family:Malpighiaceae;genus:Stigmaphyllon;species:S_lindenianum,False
S-63,20000000,varKode,7,datasets/varKodes/S-63@00020000K+k7.png,family:Malpighiaceae;genus:Stigmaphyllon;species:S_puberum,False
S-50,200000000,varKode,7,datasets/varKodes/S-50@00200000K+k7.png,family:Malpighiaceae;genus:Stigmaphyllon;species:S_ellipticum,False
3342,10000000,varKode,7,datasets/varKodes/3342@00010000K+k7.png,family:Malpighiaceae;genus:Aspidopterys,False
S-29,1000000,varKode,7,datasets/varKodes/S-29@00001000K+k7.png,family:Malpighiaceae;genus:Stigmaphyllon;species:S_jatrophifolium,False
1703,20000000,varKode,7,datasets/varKodes/1703@00020000K+k7.png,family:Malpighiaceae;genus:Callaeum,False
1774,500000,varKode,7,datasets/varKodes/1774@00000500K+k7.png,family:Malpighiaceae;genus:Bunchosia,False
S-12,10000000,varKode,7,datasets/varKodes/S-12@00010000K+k7.png,family:Malpighiaceae;genus:Stigmaphyllon;species:S_ciliatum,False
S-87,500000,varKode,7,datasets/varKodes/S-87@00000500K+k7.png,family:Malpighiaceae;genus:Stigmaphyllon;species:S_bogotense,False
746,10000000,varKode,7,datasets/varKodes/746@00010000K+k7.png,family:Malpighiaceae;genus:Aspicarpa,False
S-66,1000000,varKode,7,datasets/varKodes/S-66@00001000K+k7.png,family:Malpighiaceae;genus:Stigmaphyllon;species:S_puberum,False
S-49,500000,varKode,7,datasets/varKodes/S-49@00000500K+k7.png,family:Malpighiaceae;genus:Stigmaphyllon;species:S_ellipticum,False
S-40,5000000,varKode,7,datasets/varKodes/S-40@00005000K+k7.png,family:Malpighiaceae;genus:Stigmaphyllon;species:S_bonariense,False
3980,2000000,varKode,7,datasets/varKodes/3980@00002000K+k7.png,family:Malpighiaceae;genus:Heteropterys,False
1928,10000000,varKode,7,datasets/varKodes/1928@00010000K+k7.png,family:Malpighiaceae;genus:Diacidia,False
S-72,5000000,varKode,7,datasets/varKodes/S-72@00005000K+k7.png,family:Malpighiaceae;genus:Stigmaphyllon;species:S_lindenianum,False
3447,50000000,varKode,7,datasets/varKodes/3447@00050000K+k7.png,family:Malpighiaceae;genus:Acmanthera,False
S-77,50000000,varKode,7,datasets/varKodes/S-77@00050000K+k7.png,family:Malpighiaceae;genus:Stigmaphyllon;species:S_lindenianum,False
1860,200000000,varKode,7,datasets/varKodes/1860@00200000K+k7.png,family:Malpighiaceae;genus:Bronwenia,False
1165,1000000,varKode,7,datasets/varKodes/1165@00001000K+k7.png,family:Malpighiaceae;genus:Dicella,False
C-393,10000000,varKode,7,datasets/varKodes/C-393@00010000K+k7.png,family:Chrysobalanaceae;genus:Gaulettia,False
S-61,200000000,varKode,7,datasets/varKodes/S-61@00200000K+k7.png,family:Malpighiaceae;genus:Stigmaphyllon;species:S_puberum,False
3353,20000000,varKode,7,datasets/varKodes/3353@00020000K+k7.png,family:Malpighiaceae;genus:Camarea,False
3729,10000000,varKode,7,datasets/varKodes/3729@00010000K+k7.png,family:Malpighiaceae;genus:Thryallis,False
C-303,50000000,varKode,7,datasets/varKodes/C-303@00050000K+k7.png,family:Chrysobalanaceae;genus:Licania,False
S-98,200000000,varKode,7,datasets/varKodes/S-98@00200000K+k7.png,family:Malpighiaceae;genus:Stigmaphyllon;species:S_bannisterioides,False
3419,200000000,varKode,7,datasets/varKodes/3419@00200000K+k7.png,family:Malpighiaceae;genus:Tetrapterys,False
3231,1000000,varKode,7,datasets/varKodes/3231@00001000K+k7.png,family:Malpighiaceae;genus:Malpighia,False
S-60,50000000,varKode,7,datasets/varKodes/S-60@00050000K+k7.png,family:Malpighiaceae;genus:Stigmaphyllon;species:S_emarginatum,False
S-54,500000,varKode,7,datasets/varKodes/S-54@00000500K+k7.png,family:Malpighiaceae;genus:Stigmaphyllon;species:S_emarginatum,False
S-40,100000000,varKode,7,datasets/varKodes/S-40@00100000K+k7.png,family:Malpighiaceae;genus:Stigmaphyllon;species:S_bonariense,False
746,2000000,varKode,7,datasets/varKodes/746@00002000K+k7.png,family:Malpighiaceae;genus:Aspicarpa,False
S-100,50000000,varKode,7,datasets/varKodes/S-100@00050000K+k7.png,family:Malpighiaceae;genus:Stigmaphyllon;species:S_bannisterioides,False
S-1,20000000,varKode,7,datasets/varKodes/S-1@00020000K+k7.png,family:Malpighiaceae;genus:Stigmaphyllon;species:S_paralias,False
2279,1000000,varKode,7,datasets/varKodes/2279@00001000K+k7.png,family:Elatinaceae;genus:Elatine,False
746,1000000,varKode,7,datasets/varKodes/746@00001000K+k7.png,family:Malpighiaceae;genus:Aspicarpa,False
S-30,50000000,varKode,7,datasets/varKodes/S-30@00050000K+k7.png,family:Malpighiaceae;genus:Stigmaphyllon;species:S_jatrophifolium,False
1936,20000000,varKode,7,datasets/varKodes/1936@00020000K+k7.png,family:Malpighiaceae;genus:Mascagnia,False
1531,5000000,varKode,7,datasets/varKodes/1531@00005000K+k7.png,family:Malpighiaceae;genus:Amorimia,False
S-47,50000000,varKode,7,datasets/varKodes/S-47@00050000K+k7.png,family:Malpighiaceae;genus:Stigmaphyllon;species:S_ellipticum,False
C-387,10000000,varKode,7,datasets/varKodes/C-387@00010000K+k7.png,family:Chrysobalanaceae;genus:Dactyladenia,False
C-40,2000000,varKode,7,datasets/varKodes/C-40@00002000K+k7.png,family:Chrysobalanaceae;genus:Hirtella,False
2693,50000000,varKode,7,datasets/varKodes/2693@00050000K+k7.png,family:Malpighiaceae;genus:Byrsonima,False
S-70,5000000,varKode,7,datasets/varKodes/S-70@00005000K+k7.png,family:Malpighiaceae;genus:Stigmaphyllon;species:S_puberum,False
S-95,20000000,varKode,7,datasets/varKodes/S-95@00020000K+k7.png,family:Malpighiaceae;genus:Stigmaphyllon;species:S_bannisterioides,False
C-130,20000000,varKode,7,datasets/varKodes/C-130@00020000K+k7.png,family:Chrysobalanaceae;genus:Licania,False
C-296,50000000,varKode,7,datasets/varKodes/C-296@00050000K+k7.png,family:Chrysobalanaceae;genus:Parinari,False
3536,50000000,varKode,7,datasets/varKodes/3536@00050000K+k7.png,family:Malpighiaceae;genus:Banisteriopsis,False
746,50000000,varKode,7,datasets/varKodes/746@00050000K+k7.png,family:Malpighiaceae;genus:Aspicarpa,False
S-66,200000000,varKode,7,datasets/varKodes/S-66@00200000K+k7.png,family:Malpighiaceae;genus:Stigmaphyllon;species:S_puberum,False
S-71,20000000,varKode,7,datasets/varKodes/S-71@00020000K+k7.png,family:Malpighiaceae;genus:Stigmaphyllon;species:S_lindenianum,False
1314,5000000,varKode,7,datasets/varKodes/1314@00005000K+k7.png,family:Malpighiaceae;genus:Hiptage,False
3211,20000000,varKode,7,datasets/varKodes/3211@00020000K+k7.png,family:Malpighiaceae;genus:Acridocarpus,False
1679,21927000,varKode,7,datasets/varKodes/1679@00021927K+k7.png,family:Malpighiaceae;genus:Callaeum,False
S-99,50000000,varKode,7,datasets/varKodes/S-99@00050000K+k7.png,family:Malpighiaceae;genus:Stigmaphyllon;species:S_bannisterioides,False
S-63,200000000,varKode,7,datasets/varKodes/S-63@00200000K+k7.png,family:Malpighiaceae;genus:Stigmaphyllon;species:S_puberum,False
3279,500000,varKode,7,datasets/varKodes/3279@00000500K+k7.png,family:Malpighiaceae;genus:Heteropterys,False
S-37,5000000,varKode,7,datasets/varKodes/S-37@00005000K+k7.png,family:Malpighiaceae;genus:Stigmaphyllon;species:S_bonariense,False
1905,5000000,varKode,7,datasets/varKodes/1905@00005000K+k7.png,family:Malpighiaceae;genus:Diplopterys,False
710,5000000,varKode,7,datasets/varKodes/710@00005000K+k7.png,family:Malpighiaceae;genus:Blepharandra,False
2279,5000000,varKode,7,datasets/varKodes/2279@00005000K+k7.png,family:Elatinaceae;genus:Elatine,False
S-74,50000000,varKode,7,datasets/varKodes/S-74@00050000K+k7.png,family:Malpighiaceae;genus:Stigmaphyllon;species:S_lindenianum,False
3231,20000000,varKode,7,datasets/varKodes/3231@00020000K+k7.png,family:Malpighiaceae;genus:Malpighia,False
3680,20000000,varKode,7,datasets/varKodes/3680@00020000K+k7.png,family:Malpighiaceae;genus:Tristellateia,False
3595,50000000,varKode,7,datasets/varKodes/3595@00050000K+k7.png,family:Malpighiaceae;genus:Christianella,False
S-37,200000000,varKode,7,datasets/varKodes/S-37@00200000K+k7.png,family:Malpighiaceae;genus:Stigmaphyllon;species:S_bonariense,False
3536,5000000,varKode,7,datasets/varKodes/3536@00005000K+k7.png,family:Malpighiaceae;genus:Banisteriopsis,False
1525,200000000,varKode,7,datasets/varKodes/1525@00200000K+k7.png,family:Malpighiaceae;genus:Christianella,False
S-61,2000000,varKode,7,datasets/varKodes/S-61@00002000K+k7.png,family:Malpighiaceae;genus:Stigmaphyllon;species:S_puberum,False
2207,5000000,varKode,7,datasets/varKodes/2207@00005000K+k7.png,family:Malpighiaceae;genus:Galphimia,False
1570,20000000,varKode,7,datasets/varKodes/1570@00020000K+k7.png,family:Malpighiaceae;genus:Malpighiodes,False
3234,10000000,varKode,7,datasets/varKodes/3234@00010000K+k7.png,family:Malpighiaceae;genus:Malpighia,False
2827,46906000,varKode,7,datasets/varKodes/2827@00046906K+k7.png,family:Malpighiaceae;genus:Bunchosia,False
1845,1000000,varKode,7,datasets/varKodes/1845@00001000K+k7.png,family:Malpighiaceae;genus:Bronwenia,False
743,50000000,varKode,7,datasets/varKodes/743@00050000K+k7.png,family:Malpighiaceae;genus:Mascagnia,False
644,50000000,varKode,7,datasets/varKodes/644@00050000K+k7.png,family:Malpighiaceae;genus:Carolus,False
S-7,200000000,varKode,7,datasets/varKodes/S-7@00200000K+k7.png,family:Malpighiaceae;genus:Stigmaphyllon;species:S_paralias,False
